clements2025_binomial,tips,order,family,freeflying,source,date_median,marine_region,sampling_method,body_mass_g,body_mass_2sd,main_diet,carrion,fish,cephalopods,crustaceans,other_inverts,as_fishery,as_agriculture,as_refuse,anthropogenic_subsidy,pelagic_specialist,feeding_method,aerial_pursuit,bottom_feeding,diving,plunging,scavenging,skimming,surface_seizing,terrestrial_feeding,n_plastic,n_total,FO
Aethia cristatella,Aethia_cristatella,Charadriiformes,Alcidae,1,Bond et al. 2010,1993,North Pacific Ocean,Regurgitation,259.5,-0.23634590141075937,Crustaceans,0,1,1,1,1,0,0,0,0,1,Diving,0,0,1,0,0,0,0,0,0,1,0
Aethia cristatella,Aethia_cristatella,Charadriiformes,Alcidae,1,Bond et al. 2010,1994,North Pacific Ocean,Regurgitation,259.5,-0.23634590141075937,Crustaceans,0,1,1,1,1,0,0,0,0,1,Diving,0,0,1,0,0,0,0,0,0,37,0
Aethia cristatella,Aethia_cristatella,Charadriiformes,Alcidae,1,Bond et al. 2010,1995,North Pacific Ocean,Regurgitation,259.5,-0.23634590141075937,Crustaceans,0,1,1,1,1,0,0,0,0,1,Diving,0,0,1,0,0,0,0,0,0,46,0
Aethia cristatella,Aethia_cristatella,Charadriiformes,Alcidae,1,Bond et al. 2010,1996,North Pacific Ocean,Regurgitation,259.5,-0.23634590141075937,Crustaceans,0,1,1,1,1,0,0,0,0,1,Diving,0,0,1,0,0,0,0,0,0,114,0
Aethia cristatella,Aethia_cristatella,Charadriiformes,Alcidae,1,Bond et al. 2010,1997,North Pacific Ocean,Regurgitation,259.5,-0.23634590141075937,Crustaceans,0,1,1,1,1,0,0,0,0,1,Diving,0,0,1,0,0,0,0,0,0,121,0
Aethia cristatella,Aethia_cristatella,Charadriiformes,Alcidae,1,Bond et al. 2010,1998,North Pacific Ocean,Regurgitation,259.5,-0.23634590141075937,Crustaceans,0,1,1,1,1,0,0,0,0,1,Diving,0,0,1,0,0,0,0,0,0,138,0
Aethia cristatella,Aethia_cristatella,Charadriiformes,Alcidae,1,Bond et al. 2010,1999,North Pacific Ocean,Regurgitation,259.5,-0.23634590141075937,Crustaceans,0,1,1,1,1,0,0,0,0,1,Diving,0,0,1,0,0,0,0,0,0,124,0
Aethia cristatella,Aethia_cristatella,Charadriiformes,Alcidae,1,Bond et al. 2010,2000,North Pacific Ocean,Regurgitation,259.5,-0.23634590141075937,Crustaceans,0,1,1,1,1,0,0,0,0,1,Diving,0,0,1,0,0,0,0,0,0,63,0
Aethia cristatella,Aethia_cristatella,Charadriiformes,Alcidae,1,Bond et al. 2010,2001,North Pacific Ocean,Regurgitation,259.5,-0.23634590141075937,Crustaceans,0,1,1,1,1,0,0,0,0,1,Diving,0,0,1,0,0,0,0,0,0,83,0
Aethia cristatella,Aethia_cristatella,Charadriiformes,Alcidae,1,Bond et al. 2010,2002,North Pacific Ocean,Regurgitation,259.5,-0.23634590141075937,Crustaceans,0,1,1,1,1,0,0,0,0,1,Diving,0,0,1,0,0,0,0,0,0,93,0
Aethia cristatella,Aethia_cristatella,Charadriiformes,Alcidae,1,Bond et al. 2010,2003,North Pacific Ocean,Regurgitation,259.5,-0.23634590141075937,Crustaceans,0,1,1,1,1,0,0,0,0,1,Diving,0,0,1,0,0,0,0,0,0,56,0
Aethia cristatella,Aethia_cristatella,Charadriiformes,Alcidae,1,Bond et al. 2010,2004,North Pacific Ocean,Regurgitation,259.5,-0.23634590141075937,Crustaceans,0,1,1,1,1,0,0,0,0,1,Diving,0,0,1,0,0,0,0,0,0,67,0
Aethia cristatella,Aethia_cristatella,Charadriiformes,Alcidae,1,Bond et al. 2010,2005,North Pacific Ocean,Regurgitation,259.5,-0.23634590141075937,Crustaceans,0,1,1,1,1,0,0,0,0,1,Diving,0,0,1,0,0,0,0,0,0,74,0
Aethia cristatella,Aethia_cristatella,Charadriiformes,Alcidae,1,Bond et al. 2010,2006,North Pacific Ocean,Regurgitation,259.5,-0.23634590141075937,Crustaceans,0,1,1,1,1,0,0,0,0,1,Diving,0,0,1,0,0,0,0,0,0,94,0
Aethia cristatella,Aethia_cristatella,Charadriiformes,Alcidae,1,Robards et al. 1995,1989,North Pacific Ocean,Necropsy,259.5,-0.23634590141075937,Crustaceans,0,1,1,1,1,0,0,0,0,1,Diving,0,0,1,0,0,0,0,0,1,40,0.025
Aethia cristatella,Aethia_cristatella,Charadriiformes,Alcidae,NA,Day et al. 1984/Day 1980,1973,North Pacific Ocean,Necropsy,259.5,-0.23634590141075937,Crustaceans,0,1,1,1,1,0,0,0,0,1,Diving,0,0,1,0,0,0,0,0,0,85,0
Aethia cristatella,Aethia_cristatella,Charadriiformes,Alcidae,NA,"Padula et al., 2020",2012,North Pacific Ocean,Necropsy,259.5,-0.23634590141075937,Crustaceans,0,1,1,1,1,0,0,0,0,1,Diving,0,0,1,0,0,0,0,0,6,7,0.8571428571428571
Aethia psittacula,Aethia_psittacula,Charadriiformes,Alcidae,1,Bond et al. 2010,1993,North Pacific Ocean,Regurgitation,270,-0.2339052103231183,Crustaceans,0,1,0,1,1,0,0,0,0,1,Diving,0,0,1,0,0,0,0,0,0,6,0
Aethia psittacula,Aethia_psittacula,Charadriiformes,Alcidae,1,Bond et al. 2010,1994,North Pacific Ocean,Regurgitation,270,-0.2339052103231183,Crustaceans,0,1,0,1,1,0,0,0,0,1,Diving,0,0,1,0,0,0,0,0,0,3,0
Aethia psittacula,Aethia_psittacula,Charadriiformes,Alcidae,1,Bond et al. 2010,1995,North Pacific Ocean,Regurgitation,270,-0.2339052103231183,Crustaceans,0,1,0,1,1,0,0,0,0,1,Diving,0,0,1,0,0,0,0,0,0,16,0
Aethia psittacula,Aethia_psittacula,Charadriiformes,Alcidae,1,Bond et al. 2010,1996,North Pacific Ocean,Regurgitation,270,-0.2339052103231183,Crustaceans,0,1,0,1,1,0,0,0,0,1,Diving,0,0,1,0,0,0,0,0,0,5,0
Aethia psittacula,Aethia_psittacula,Charadriiformes,Alcidae,1,Bond et al. 2010,1997,North Pacific Ocean,Regurgitation,270,-0.2339052103231183,Crustaceans,0,1,0,1,1,0,0,0,0,1,Diving,0,0,1,0,0,0,0,0,0,3,0
Aethia psittacula,Aethia_psittacula,Charadriiformes,Alcidae,1,Bond et al. 2010,1998,North Pacific Ocean,Regurgitation,270,-0.2339052103231183,Crustaceans,0,1,0,1,1,0,0,0,0,1,Diving,0,0,1,0,0,0,0,0,0,12,0
Aethia psittacula,Aethia_psittacula,Charadriiformes,Alcidae,1,Bond et al. 2010,1999,North Pacific Ocean,Regurgitation,270,-0.2339052103231183,Crustaceans,0,1,0,1,1,0,0,0,0,1,Diving,0,0,1,0,0,0,0,0,0,1,0
Aethia psittacula,Aethia_psittacula,Charadriiformes,Alcidae,1,Bond et al. 2010,2000,North Pacific Ocean,Regurgitation,270,-0.2339052103231183,Crustaceans,0,1,0,1,1,0,0,0,0,1,Diving,0,0,1,0,0,0,0,0,0,8,0
Aethia psittacula,Aethia_psittacula,Charadriiformes,Alcidae,1,Bond et al. 2010,2003,North Pacific Ocean,Regurgitation,270,-0.2339052103231183,Crustaceans,0,1,0,1,1,0,0,0,0,1,Diving,0,0,1,0,0,0,0,0,0,2,0
Aethia psittacula,Aethia_psittacula,Charadriiformes,Alcidae,1,Bond et al. 2010,2004,North Pacific Ocean,Regurgitation,270,-0.2339052103231183,Crustaceans,0,1,0,1,1,0,0,0,0,1,Diving,0,0,1,0,0,0,0,0,0,27,0
Aethia psittacula,Aethia_psittacula,Charadriiformes,Alcidae,1,Bond et al. 2010,2005,North Pacific Ocean,Regurgitation,270,-0.2339052103231183,Crustaceans,0,1,0,1,1,0,0,0,0,1,Diving,0,0,1,0,0,0,0,0,0,29,0
Aethia psittacula,Aethia_psittacula,Charadriiformes,Alcidae,1,Bond et al. 2010,2006,North Pacific Ocean,Regurgitation,270,-0.2339052103231183,Crustaceans,0,1,0,1,1,0,0,0,0,1,Diving,0,0,1,0,0,0,0,0,0,28,0
Aethia psittacula,Aethia_psittacula,Charadriiformes,Alcidae,1,Robards 1993,1990.5,North Pacific Ocean,Necropsy,270,-0.2339052103231183,Crustaceans,0,1,0,1,1,0,0,0,0,1,Diving,0,0,1,0,0,0,0,0,1,3,0.3333333333333333
Aethia psittacula,Aethia_psittacula,Charadriiformes,Alcidae,1,Robards et al. 1995,1989,North Pacific Ocean,Necropsy,270,-0.2339052103231183,Crustaceans,0,1,0,1,1,0,0,0,0,1,Diving,0,0,1,0,0,0,0,0,195,208,0.9375
Aethia psittacula,Aethia_psittacula,Charadriiformes,Alcidae,NA,Day et al. 1984/Day 1980,1973,North Pacific Ocean,Necropsy,270,-0.2339052103231183,Crustaceans,0,1,0,1,1,0,0,0,0,1,Diving,0,0,1,0,0,0,0,0,87,116,0.75
Aethia psittacula,Aethia_psittacula,Charadriiformes,Alcidae,NA,Pettit et al. 1981,1980,North Pacific Ocean,Necropsy,270,-0.2339052103231183,Crustaceans,0,1,0,1,1,0,0,0,0,1,Diving,0,0,1,0,0,0,0,0,1,1,1
Aethia pygmaea,Aethia_pygmaea,Charadriiformes,Alcidae,1,Bond et al. 2010,1993,North Pacific Ocean,Regurgitation,112,-0.27063180002285986,Crustaceans,0,0,0,1,1,0,0,0,0,1,Diving,0,0,1,0,0,0,0,0,1,26,0.038461538461538464
Aethia pygmaea,Aethia_pygmaea,Charadriiformes,Alcidae,1,Bond et al. 2010,1994,North Pacific Ocean,Regurgitation,112,-0.27063180002285986,Crustaceans,0,0,0,1,1,0,0,0,0,1,Diving,0,0,1,0,0,0,0,0,0,16,0
Aethia pygmaea,Aethia_pygmaea,Charadriiformes,Alcidae,1,Bond et al. 2010,1995,North Pacific Ocean,Regurgitation,112,-0.27063180002285986,Crustaceans,0,0,0,1,1,0,0,0,0,1,Diving,0,0,1,0,0,0,0,0,0,48,0
Aethia pygmaea,Aethia_pygmaea,Charadriiformes,Alcidae,1,Bond et al. 2010,1996,North Pacific Ocean,Regurgitation,112,-0.27063180002285986,Crustaceans,0,0,0,1,1,0,0,0,0,1,Diving,0,0,1,0,0,0,0,0,0,71,0
Aethia pygmaea,Aethia_pygmaea,Charadriiformes,Alcidae,1,Bond et al. 2010,1997,North Pacific Ocean,Regurgitation,112,-0.27063180002285986,Crustaceans,0,0,0,1,1,0,0,0,0,1,Diving,0,0,1,0,0,0,0,0,0,36,0
Aethia pygmaea,Aethia_pygmaea,Charadriiformes,Alcidae,1,Bond et al. 2010,1998,North Pacific Ocean,Regurgitation,112,-0.27063180002285986,Crustaceans,0,0,0,1,1,0,0,0,0,1,Diving,0,0,1,0,0,0,0,0,0,26,0
Aethia pygmaea,Aethia_pygmaea,Charadriiformes,Alcidae,1,Bond et al. 2010,1999,North Pacific Ocean,Regurgitation,112,-0.27063180002285986,Crustaceans,0,0,0,1,1,0,0,0,0,1,Diving,0,0,1,0,0,0,0,0,0,38,0
Aethia pygmaea,Aethia_pygmaea,Charadriiformes,Alcidae,1,Bond et al. 2010,2000,North Pacific Ocean,Regurgitation,112,-0.27063180002285986,Crustaceans,0,0,0,1,1,0,0,0,0,1,Diving,0,0,1,0,0,0,0,0,0,33,0
Aethia pygmaea,Aethia_pygmaea,Charadriiformes,Alcidae,1,Bond et al. 2010,2001,North Pacific Ocean,Regurgitation,112,-0.27063180002285986,Crustaceans,0,0,0,1,1,0,0,0,0,1,Diving,0,0,1,0,0,0,0,0,0,28,0
Aethia pygmaea,Aethia_pygmaea,Charadriiformes,Alcidae,1,Bond et al. 2010,2002,North Pacific Ocean,Regurgitation,112,-0.27063180002285986,Crustaceans,0,0,0,1,1,0,0,0,0,1,Diving,0,0,1,0,0,0,0,0,0,32,0
Aethia pygmaea,Aethia_pygmaea,Charadriiformes,Alcidae,1,Bond et al. 2010,2003,North Pacific Ocean,Regurgitation,112,-0.27063180002285986,Crustaceans,0,0,0,1,1,0,0,0,0,1,Diving,0,0,1,0,0,0,0,0,0,31,0
Aethia pygmaea,Aethia_pygmaea,Charadriiformes,Alcidae,1,Bond et al. 2010,2004,North Pacific Ocean,Regurgitation,112,-0.27063180002285986,Crustaceans,0,0,0,1,1,0,0,0,0,1,Diving,0,0,1,0,0,0,0,0,0,37,0
Aethia pygmaea,Aethia_pygmaea,Charadriiformes,Alcidae,1,Bond et al. 2010,2005,North Pacific Ocean,Regurgitation,112,-0.27063180002285986,Crustaceans,0,0,0,1,1,0,0,0,0,1,Diving,0,0,1,0,0,0,0,0,0,31,0
Aethia pygmaea,Aethia_pygmaea,Charadriiformes,Alcidae,1,Bond et al. 2010,2006,North Pacific Ocean,Regurgitation,112,-0.27063180002285986,Crustaceans,0,0,0,1,1,0,0,0,0,1,Diving,0,0,1,0,0,0,0,0,0,36,0
Aethia pygmaea,Aethia_pygmaea,Charadriiformes,Alcidae,1,Robards et al. 1995,1989,North Pacific Ocean,Necropsy,112,-0.27063180002285986,Crustaceans,0,0,0,1,1,0,0,0,0,1,Diving,0,0,1,0,0,0,0,0,0,22,0
Aethia pygmaea,Aethia_pygmaea,Charadriiformes,Alcidae,NA,Day et al. 1984/Day 1980,1973,North Pacific Ocean,Necropsy,112,-0.27063180002285986,Crustaceans,0,0,0,1,1,0,0,0,0,1,Diving,0,0,1,0,0,0,0,0,0,5,0
Alca torda,Alca_torda,Charadriiformes,Alcidae,1,Acampora et al. 2016,2015,North Atlantic Ocean,Necropsy,726,-0.1279094830884212,Fish,0,1,0,1,1,0,0,0,0,1,Diving,0,0,1,0,0,0,0,0,0,15,0
Alca torda,Alca_torda,Charadriiformes,Alcidae,1,"Benjaminsen et al., 2024",2012,Arctic Ocean,Necropsy,726,-0.1279094830884212,Fish,0,1,0,1,1,0,0,0,0,1,Diving,0,0,1,0,0,0,0,0,0,9,0
Alca torda,Alca_torda,Charadriiformes,Alcidae,1,"Benjaminsen, 2021",2012,Arctic Ocean,Necropsy,726,-0.1279094830884212,Fish,0,1,0,1,1,0,0,0,0,1,Diving,0,0,1,0,0,0,0,0,0,9,0
Alca torda,Alca_torda,Charadriiformes,Alcidae,1,Nicastro et al. 2018,2016,North Atlantic Ocean,Necropsy,726,-0.1279094830884212,Fish,0,1,0,1,1,0,0,0,0,1,Diving,0,0,1,0,0,0,0,0,0,1,0
Alca torda,Alca_torda,Charadriiformes,Alcidae,1,Provencher et al. 2014,2004,North Atlantic Ocean,Necropsy,726,-0.1279094830884212,Fish,0,1,0,1,1,0,0,0,0,1,Diving,0,0,1,0,0,0,0,0,0,2,0
Alca torda,Alca_torda,Charadriiformes,Alcidae,NA,"Benjaminsen et al., 2024",2012,Arctic Ocean,Necropsy,726,-0.1279094830884212,Fish,0,1,0,1,1,0,0,0,0,1,Diving,0,0,1,0,0,0,0,0,0,1,0
Alca torda,Alca_torda,Charadriiformes,Alcidae,NA,"Franco et al., 2019",2016,North Atlantic Ocean,Necropsy,726,-0.1279094830884212,Fish,0,1,0,1,1,0,0,0,0,1,Diving,0,0,1,0,0,0,0,0,0,12,0
Alca torda,Alca_torda,Charadriiformes,Alcidae,NA,"Murano et al., 2024",2022.5,North Atlantic Ocean,Necropsy,726,-0.1279094830884212,Fish,0,1,0,1,1,0,0,0,0,1,Diving,0,0,1,0,0,0,0,0,4,5,0.8
Alca torda,Alca_torda,Charadriiformes,Alcidae,NA,Nicastro et al. 2018,2015,North Atlantic Ocean,Necropsy,726,-0.1279094830884212,Fish,0,1,0,1,1,0,0,0,0,1,Diving,0,0,1,0,0,0,0,0,0,2,0
Alca torda,Alca_torda,Charadriiformes,Alcidae,NA,Nicastro et al. 2018,2016,North Atlantic Ocean,Necropsy,726,-0.1279094830884212,Fish,0,1,0,1,1,0,0,0,0,1,Diving,0,0,1,0,0,0,0,0,0,1,0
Alca torda,Alca_torda,Charadriiformes,Alcidae,NA,Provencher et al. 2014,2004,North Atlantic Ocean,Necropsy,726,-0.1279094830884212,Fish,0,1,0,1,1,0,0,0,0,1,Diving,0,0,1,0,0,0,0,0,0,8,0
Alca torda,Alca_torda,Charadriiformes,Alcidae,NA,"Schutten et al., 2024",2021,North Atlantic Ocean,Necropsy,726,-0.1279094830884212,Fish,0,1,0,1,1,0,0,0,0,1,Diving,0,0,1,0,0,0,0,0,0,1,0
Alca torda,Alca_torda,Charadriiformes,Alcidae,NA,"van Franeker et al., 2024",2019,North Atlantic Ocean,Necropsy,726,-0.1279094830884212,Fish,0,1,0,1,1,0,0,0,0,1,Diving,0,0,1,0,0,0,0,0,0,12,0
Alle alle,Alle_alle,Charadriiformes,Alcidae,1,Amelineau et al. 2016,2005,North Atlantic Ocean,Brushing,181.3,-0.2545232388444289,Crustaceans,0,1,0,1,1,0,0,0,0,1,Diving,0,0,1,0,0,0,0,0,26,26,1
Alle alle,Alle_alle,Charadriiformes,Alcidae,1,Amelineau et al. 2016,2015,North Atlantic Ocean,Brushing,181.3,-0.2545232388444289,Crustaceans,0,1,0,1,1,0,0,0,0,1,Diving,0,0,1,0,0,0,0,0,18,18,1
Alle alle,Alle_alle,Charadriiformes,Alcidae,1,"Ammendolia et al., 2024",2014,Arctic Ocean,Scat,181.3,-0.2545232388444289,Crustaceans,0,1,0,1,1,0,0,0,0,1,Diving,0,0,1,0,0,0,0,0,3,94,0.031914893617021274
Alle alle,Alle_alle,Charadriiformes,Alcidae,1,Avery-Gomm et al. 2016,2013,North Atlantic Ocean,Necropsy,181.3,-0.2545232388444289,Crustaceans,0,1,0,1,1,0,0,0,0,1,Diving,0,0,1,0,0,0,0,0,52,171,0.30409356725146197
Alle alle,Alle_alle,Charadriiformes,Alcidae,1,Fife et al. 2015,2013,North Atlantic Ocean,Necropsy,181.3,-0.2545232388444289,Crustaceans,0,1,0,1,1,0,0,0,0,1,Diving,0,0,1,0,0,0,0,0,9,65,0.13846153846153847
Alle alle,Alle_alle,Charadriiformes,Alcidae,1,Lydersen et al. 1989,1984,Arctic Ocean,Necropsy,181.3,-0.2545232388444289,Crustaceans,0,1,0,1,1,0,0,0,0,1,Diving,0,0,1,0,0,0,0,0,5,11,0.45454545454545453
Alle alle,Alle_alle,Charadriiformes,Alcidae,1,"Otsuki et al., 2024",2022,Arctic Ocean,Necropsy,181.3,-0.2545232388444289,Crustaceans,0,1,0,1,1,0,0,0,0,1,Diving,0,0,1,0,0,0,0,0,2,13,0.15384615384615385
Alle alle,Alle_alle,Charadriiformes,Alcidae,NA,Provencher et al. 2014,1988.5,Arctic Ocean,Necropsy,181.3,-0.2545232388444289,Crustaceans,0,1,0,1,1,0,0,0,0,1,Diving,0,0,1,0,0,0,0,0,0,19,0
Anous ceruleus,Anous_ceruleus,Charadriiformes,Laridae,1,Spear et al. 1995,1987.5,South Pacific Ocean,Necropsy,53,-0.28434615946770003,Fish,0,1,1,1,1,0,0,0,0,1,Surface.Seizing,0,0,0,0,0,0,1,0,0,3,0
Anous ceruleus,Anous_ceruleus,Charadriiformes,Laridae,NA,Harrison et al. 1983,1980.5,North Pacific Ocean,Bolus,53,-0.28434615946770003,Fish,0,1,1,1,1,0,0,0,0,1,Surface.Seizing,0,0,0,0,0,0,1,0,0,111,0
Anous minutus,Anous_minutus,Charadriiformes,Laridae,1,Rapp et al. 2017,2009.5,North Pacific Ocean,Necropsy,116,-0.26970201294185375,Fish,0,1,1,0,0,0,0,0,0,1,Surface.Seizing,0,0,0,0,0,0,1,0,0,2,0
Anous minutus,Anous_minutus,Charadriiformes,Laridae,1,Sileo et al. 1990a,1986,North Pacific Ocean,Lavage,116,-0.26970201294185375,Fish,0,1,1,0,0,0,0,0,0,1,Surface.Seizing,0,0,0,0,0,0,1,0,0,18,0
Anous minutus,Anous_minutus,Charadriiformes,Laridae,NA,"Berr et al., 2020",2016.5,South Pacific Ocean,Necropsy,116,-0.26970201294185375,Fish,0,1,1,0,0,0,0,0,0,1,Surface.Seizing,0,0,0,0,0,0,1,0,0,4,0
Anous minutus,Anous_minutus,Charadriiformes,Laridae,NA,Day et al. 1984/Harrison et al. 1983,1980,North Pacific Ocean,Bolus,116,-0.26970201294185375,Fish,0,1,1,0,0,0,0,0,0,1,Surface.Seizing,0,0,0,0,0,0,1,0,0,494,0
Anous minutus,Anous_minutus,Charadriiformes,Laridae,NA,Rapp et al. 2017,2009.5,North Pacific Ocean,Necropsy,116,-0.26970201294185375,Fish,0,1,1,0,0,0,0,0,0,1,Surface.Seizing,0,0,0,0,0,0,1,0,0,3,0
Anous stolidus,Anous_stolidus,Charadriiformes,Laridae,1,Rapp et al. 2017,2009.5,North Pacific Ocean,Necropsy,189,-0.25273339871349215,Fish,0,1,1,0,0,0,0,0,0,1,Surface.Seizing,0,0,0,0,0,0,1,0,1,15,0.06666666666666667
Anous stolidus,Anous_stolidus,Charadriiformes,Laridae,1,Roman et al. 2016,2013,South Pacific Ocean,Necropsy,189,-0.25273339871349215,Fish,0,1,1,0,0,0,0,0,0,1,Surface.Seizing,0,0,0,0,0,0,1,0,0,1,0
Anous stolidus,Anous_stolidus,Charadriiformes,Laridae,1,Sileo et al. 1990a,1986,North Pacific Ocean,Lavage,189,-0.25273339871349215,Fish,0,1,1,0,0,0,0,0,0,1,Surface.Seizing,0,0,0,0,0,0,1,0,0,17,0
Anous stolidus,Anous_stolidus,Charadriiformes,Laridae,1,Tavares et al. 2017,2011,South Pacific Ocean,Necropsy,189,-0.25273339871349215,Fish,0,1,1,0,0,0,0,0,0,1,Surface.Seizing,0,0,0,0,0,0,1,0,0,1,0
Anous stolidus,Anous_stolidus,Charadriiformes,Laridae,1,Tavares et al. 2017,2012,South Pacific Ocean,Necropsy,189,-0.25273339871349215,Fish,0,1,1,0,0,0,0,0,0,1,Surface.Seizing,0,0,0,0,0,0,1,0,0,2,0
Anous stolidus,Anous_stolidus,Charadriiformes,Laridae,1,Tavares et al. 2017,2013,South Pacific Ocean,Necropsy,189,-0.25273339871349215,Fish,0,1,1,0,0,0,0,0,0,1,Surface.Seizing,0,0,0,0,0,0,1,0,0,1,0
Anous stolidus,Anous_stolidus,Charadriiformes,Laridae,NA,"Berr et al., 2020",2016.5,South Pacific Ocean,Necropsy,189,-0.25273339871349215,Fish,0,1,1,0,0,0,0,0,0,1,Surface.Seizing,0,0,0,0,0,0,1,0,0,1,0
Anous stolidus,Anous_stolidus,Charadriiformes,Laridae,NA,"Cartraud et al., 2019",2009,Indian Ocean,Necropsy,189,-0.25273339871349215,Fish,0,1,1,0,0,0,0,0,0,1,Surface.Seizing,0,0,0,0,0,0,1,0,3,9,0.3333333333333333
Anous stolidus,Anous_stolidus,Charadriiformes,Laridae,NA,Day et al. 1984/Harrison et al. 1983,1980.5,North Pacific Ocean,Bolus,189,-0.25273339871349215,Fish,0,1,1,0,0,0,0,0,0,1,Surface.Seizing,0,0,0,0,0,0,1,0,0,354,0
Anous stolidus,Anous_stolidus,Charadriiformes,Laridae,NA,"Di Beneditto and Siciliano, 2021",2010,South Atlantic Ocean,Necropsy,189,-0.25273339871349215,Fish,0,1,1,0,0,0,0,0,0,1,Surface.Seizing,0,0,0,0,0,0,1,0,0,1,0
Anous stolidus,Anous_stolidus,Charadriiformes,Laridae,NA,"Vanstreels et al., 2021",2020,South Atlantic Ocean,Necropsy,189,-0.25273339871349215,Fish,0,1,1,0,0,0,0,0,0,1,Surface.Seizing,0,0,0,0,0,0,1,0,0,5,0
Anous stolidus,Anous_stolidus,Charadriiformes,Laridae,NA,"do Nascimiento et al., 2023",2014,South Atlantic Ocean,Necropsy,189,-0.25273339871349215,Fish,0,1,1,0,0,0,0,0,0,1,Surface.Seizing,0,0,0,0,0,0,1,0,0,25,0
Anous tenuirostris,Anous_tenuirostris,Charadriiformes,Laridae,1,Spear et al. 1995,1987.5,South Pacific Ocean,Necropsy,112,-0.27063180002285986,Fish,0,1,0,1,0,0,0,0,0,1,Surface.Seizing,0,0,0,0,0,0,1,0,0,3,0
Anous tenuirostris,Anous_tenuirostris,Charadriiformes,Laridae,NA,"Cartraud et al., 2019",2009,Indian Ocean,Necropsy,112,-0.27063180002285986,Fish,0,1,0,1,0,0,0,0,0,1,Surface.Seizing,0,0,0,0,0,0,1,0,9,21,0.42857142857142855
Aphrodroma brevirostris,Aphrodroma_brevirostris,Procellariiformes,Procellariidae,1,Ainley et al. 1990a,1985.5,South Pacific Ocean,Necropsy,357,-0.2136823413112353,Cephalopods,0,1,1,1,1,0,0,0,0,1,Surface.Seizing,0,0,0,1,0,0,1,0,0,5,0
Aphrodroma brevirostris,Aphrodroma_brevirostris,Procellariiformes,Procellariidae,1,Ainley et al. 1990a,1986,Southern Ocean,Necropsy,357,-0.2136823413112353,Cephalopods,0,1,1,1,1,0,0,0,0,1,Surface.Seizing,0,0,0,1,0,0,1,0,2,9,0.2222222222222222
Aphrodroma brevirostris,Aphrodroma_brevirostris,Procellariiformes,Procellariidae,1,Reed 1981,1981,South Pacific Ocean,Necropsy,357,-0.2136823413112353,Cephalopods,0,1,1,1,1,0,0,0,0,1,Surface.Seizing,0,0,0,1,0,0,1,0,1,26,0.038461538461538464
Aphrodroma brevirostris,Aphrodroma_brevirostris,Procellariiformes,Procellariidae,1,Roman et al. 2019,2016,Indian Ocean,Necropsy,357,-0.2136823413112353,Cephalopods,0,1,1,1,1,0,0,0,0,1,Surface.Seizing,0,0,0,1,0,0,1,0,0,1,0
Aphrodroma brevirostris,Aphrodroma_brevirostris,Procellariiformes,Procellariidae,1,Roman et al. 2019,2016,South Pacific Ocean,Necropsy,357,-0.2136823413112353,Cephalopods,0,1,1,1,1,0,0,0,0,1,Surface.Seizing,0,0,0,1,0,0,1,0,1,1,1
Aphrodroma brevirostris,Aphrodroma_brevirostris,Procellariiformes,Procellariidae,NA,Brown et al. 1986,1984,Indian Ocean,Necropsy,357,-0.2136823413112353,Cephalopods,0,1,1,1,1,0,0,0,0,1,Surface.Seizing,0,0,0,1,0,0,1,0,0,0,0
Aphrodroma brevirostris,Aphrodroma_brevirostris,Procellariiformes,Procellariidae,NA,Furness 1985a,1983,South Pacific Ocean,Necropsy,357,-0.2136823413112353,Cephalopods,0,1,1,1,1,0,0,0,0,1,Surface.Seizing,0,0,0,1,0,0,1,0,1,13,0.07692307692307693
Aphrodroma brevirostris,Aphrodroma_brevirostris,Procellariiformes,Procellariidae,NA,Roman et al. 2019,2015,South Pacific Ocean,Necropsy,357,-0.2136823413112353,Cephalopods,0,1,1,1,1,0,0,0,0,1,Surface.Seizing,0,0,0,1,0,0,1,0,0,1,0
Aphrodroma brevirostris,Aphrodroma_brevirostris,Procellariiformes,Procellariidae,NA,"Roman et al., 2019a",2015,Southern Ocean,Necropsy,357,-0.2136823413112353,Cephalopods,0,1,1,1,1,0,0,0,0,1,Surface.Seizing,0,0,0,1,0,0,1,0,1,3,0.3333333333333333
Aphrodroma brevirostris,Aphrodroma_brevirostris,Procellariiformes,Procellariidae,NA,Ryan 1987,1982,Indian Ocean,Necropsy,357,-0.2136823413112353,Cephalopods,0,1,1,1,1,0,0,0,0,1,Surface.Seizing,0,0,0,1,0,0,1,0,15,63,0.23809523809523808
Aptenodytes forsteri,Aptenodytes_forsteri,Sphenisciformes,Spheniscidae,1,Ainley et al. 1990a,1985.5,South Pacific Ocean,Lavage,33850,7.5716573347232154,Fish,0,1,1,1,0,0,0,0,0,1,Diving,0,0,1,0,0,0,0,0,0,8,0
Aptenodytes forsteri,Aptenodytes_forsteri,Sphenisciformes,Spheniscidae,1,Ainley et al. 1990a,1986,Southern Ocean,Lavage,33850,7.5716573347232154,Fish,0,1,1,1,0,0,0,0,0,1,Diving,0,0,1,0,0,0,0,0,0,17,0
Aptenodytes patagonicus,Aptenodytes_patagonicus,Sphenisciformes,Spheniscidae,1,"Le Guen et al., 2020",2017,South Atlantic Ocean,Scat,11751,2.434816158934683,Fish,0,1,1,0,0,0,0,0,0,1,Diving,0,0,1,0,0,0,0,0,13,47,0.2765957446808511
Aptenodytes patagonicus,Aptenodytes_patagonicus,Sphenisciformes,Spheniscidae,1,"Robin et al., 2024",2019.5,Indian Ocean,Necropsy,11751,2.434816158934683,Fish,0,1,1,0,0,0,0,0,0,1,Diving,0,0,1,0,0,0,0,0,2,4,0.5
Aptenodytes patagonicus,Aptenodytes_patagonicus,Sphenisciformes,Spheniscidae,NA,Ryan 1987,1982,Indian Ocean,Bolus,11751,2.434816158934683,Fish,0,1,1,0,0,0,0,0,0,1,Diving,0,0,1,0,0,0,0,0,0,150,0
Ardenna bulleri,Ardenna_bulleri,Procellariiformes,Procellariidae,1,Ainley et al. 1990b,1986,Southern Ocean,Necropsy,407,-0.20206000279865888,Fish,0,1,1,1,0,1,0,0,1,1,Plunging,0,0,0,0,0,0,1,0,1,1,1
Ardenna bulleri,Ardenna_bulleri,Procellariiformes,Procellariidae,1,Robards 1993,1990.5,North Pacific Ocean,Necropsy,407,-0.20206000279865888,Fish,0,1,1,1,0,1,0,0,1,1,Plunging,0,0,0,0,0,0,1,0,113,118,0.9576271186440678
Ardenna bulleri,Ardenna_bulleri,Procellariiformes,Procellariidae,1,Spear et al. 1995,1987.5,South Pacific Ocean,Necropsy,407,-0.20206000279865888,Fish,0,1,1,1,0,1,0,0,1,1,Plunging,0,0,0,0,0,0,1,0,3,3,1
Ardenna carneipes,Ardenna_carneipes,Procellariiformes,Procellariidae,1,"Charlton-Howard et al., 2023",2021.5,South Pacific Ocean,Necropsy,609,-0.15510575520785008,Fish,0,1,1,0,0,0,0,0,0,1,Plunging,0,0,1,1,1,0,1,0,26,30,0.8666666666666667
Ardenna carneipes,Ardenna_carneipes,Procellariiformes,Procellariidae,1,Hutton et al. 2009,2004,South Pacific Ocean,Necropsy,609,-0.15510575520785008,Fish,0,1,1,0,0,0,0,0,0,1,Plunging,0,0,1,1,1,0,1,0,0,21,0
Ardenna carneipes,Ardenna_carneipes,Procellariiformes,Procellariidae,1,"Keys et al., 2022",2021,South Pacific Ocean,Necropsy,609,-0.15510575520785008,Fish,0,1,1,0,0,0,0,0,0,1,Plunging,0,0,1,1,1,0,1,0,18,18,1
Ardenna carneipes,Ardenna_carneipes,Procellariiformes,Procellariidae,1,Lavers and Bond 2016a,2011.5,Indian Ocean,Necropsy,609,-0.15510575520785008,Fish,0,1,1,0,0,0,0,0,0,1,Plunging,0,0,1,1,1,0,1,0,18,136,0.1323529411764706
Ardenna carneipes,Ardenna_carneipes,Procellariiformes,Procellariidae,1,Lavers and Bond 2016a,2012.5,South Pacific Ocean,Necropsy,609,-0.15510575520785008,Fish,0,1,1,0,0,0,0,0,0,1,Plunging,0,0,1,1,1,0,1,0,3,4,0.75
Ardenna carneipes,Ardenna_carneipes,Procellariiformes,Procellariidae,1,"Lavers et al., 2019a",2017.5,South Pacific Ocean,Necropsy,609,-0.15510575520785008,Fish,0,1,1,0,0,0,0,0,0,1,Plunging,0,0,1,1,1,0,1,0,52,57,0.9122807017543859
Ardenna carneipes,Ardenna_carneipes,Procellariiformes,Procellariidae,1,"Lavers et al., 2019b",2015.5,South Pacific Ocean,Lavage,609,-0.15510575520785008,Fish,0,1,1,0,0,0,0,0,0,1,Plunging,0,0,1,1,1,0,1,0,38,53,0.71698113207547165
Ardenna carneipes,Ardenna_carneipes,Procellariiformes,Procellariidae,1,Paterson and Dunlop 2018,2017,South Pacific Ocean,Necropsy,609,-0.15510575520785008,Fish,0,1,1,0,0,0,0,0,0,1,Plunging,0,0,1,1,1,0,1,0,0,2,0
Ardenna carneipes,Ardenna_carneipes,Procellariiformes,Procellariidae,1,"Puskic et al., 2024",2019.5,South Pacific Ocean,Necropsy,609,-0.15510575520785008,Fish,0,1,1,0,0,0,0,0,0,1,Plunging,0,0,1,1,1,0,1,0,67,70,0.9571428571428572
Ardenna carneipes,Ardenna_carneipes,Procellariiformes,Procellariidae,1,"Puskic, 2024",2021,South Pacific Ocean,Necropsy,609,-0.15510575520785008,Fish,0,1,1,0,0,0,0,0,0,1,Plunging,0,0,1,1,1,0,1,0,19,21,0.9047619047619048
Ardenna carneipes,Ardenna_carneipes,Procellariiformes,Procellariidae,1,"Puskic, 2024",2022,South Pacific Ocean,Necropsy,609,-0.15510575520785008,Fish,0,1,1,0,0,0,0,0,0,1,Plunging,0,0,1,1,1,0,1,0,20,21,0.9523809523809523
Ardenna carneipes,Ardenna_carneipes,Procellariiformes,Procellariidae,1,Robards 1993,1990.5,North Pacific Ocean,Necropsy,609,-0.15510575520785008,Fish,0,1,1,0,0,0,0,0,0,1,Plunging,0,0,1,1,1,0,1,0,79,83,0.9518072289156626
Ardenna carneipes,Ardenna_carneipes,Procellariiformes,Procellariidae,1,Robertson et al. 2004,1998,South Pacific Ocean,Necropsy,609,-0.15510575520785008,Fish,0,1,1,0,0,0,0,0,0,1,Plunging,0,0,1,1,1,0,1,0,2,6,0.3333333333333333
Ardenna carneipes,Ardenna_carneipes,Procellariiformes,Procellariidae,1,Robertson et al. 2004,1999,South Pacific Ocean,Necropsy,609,-0.15510575520785008,Fish,0,1,1,0,0,0,0,0,0,1,Plunging,0,0,1,1,1,0,1,0,1,2,0.5
Ardenna carneipes,Ardenna_carneipes,Procellariiformes,Procellariidae,1,Robertson et al. 2004,2000,South Pacific Ocean,Necropsy,609,-0.15510575520785008,Fish,0,1,1,0,0,0,0,0,0,1,Plunging,0,0,1,1,1,0,1,0,4,12,0.3333333333333333
Ardenna carneipes,Ardenna_carneipes,Procellariiformes,Procellariidae,1,Robertson et al. 2004,2001,South Pacific Ocean,Necropsy,609,-0.15510575520785008,Fish,0,1,1,0,0,0,0,0,0,1,Plunging,0,0,1,1,1,0,1,0,6,10,0.6
Ardenna carneipes,Ardenna_carneipes,Procellariiformes,Procellariidae,1,Roman et al. 2016,2013,South Pacific Ocean,Necropsy,609,-0.15510575520785008,Fish,0,1,1,0,0,0,0,0,0,1,Plunging,0,0,1,1,1,0,1,0,1,1,1
Ardenna carneipes,Ardenna_carneipes,Procellariiformes,Procellariidae,1,Roman et al. 2019,2002,South Pacific Ocean,Necropsy,609,-0.15510575520785008,Fish,0,1,1,0,0,0,0,0,0,1,Plunging,0,0,1,1,1,0,1,0,5,8,0.625
Ardenna carneipes,Ardenna_carneipes,Procellariiformes,Procellariidae,1,Roman et al. 2019,2003,South Pacific Ocean,Necropsy,609,-0.15510575520785008,Fish,0,1,1,0,0,0,0,0,0,1,Plunging,0,0,1,1,1,0,1,0,4,5,0.8
Ardenna carneipes,Ardenna_carneipes,Procellariiformes,Procellariidae,1,Roman et al. 2019,2004,South Pacific Ocean,Necropsy,609,-0.15510575520785008,Fish,0,1,1,0,0,0,0,0,0,1,Plunging,0,0,1,1,1,0,1,0,1,1,1
Ardenna carneipes,Ardenna_carneipes,Procellariiformes,Procellariidae,1,Roman et al. 2019,2007,South Pacific Ocean,Necropsy,609,-0.15510575520785008,Fish,0,1,1,0,0,0,0,0,0,1,Plunging,0,0,1,1,1,0,1,0,0,2,0
Ardenna carneipes,Ardenna_carneipes,Procellariiformes,Procellariidae,1,Roman et al. 2019,2008,South Pacific Ocean,Necropsy,609,-0.15510575520785008,Fish,0,1,1,0,0,0,0,0,0,1,Plunging,0,0,1,1,1,0,1,0,0,1,0
Ardenna carneipes,Ardenna_carneipes,Procellariiformes,Procellariidae,1,Roman et al. 2019,2011,Indian Ocean,Necropsy,609,-0.15510575520785008,Fish,0,1,1,0,0,0,0,0,0,1,Plunging,0,0,1,1,1,0,1,0,1,7,0.14285714285714285
Ardenna carneipes,Ardenna_carneipes,Procellariiformes,Procellariidae,1,Roman et al. 2019,2013,Indian Ocean,Necropsy,609,-0.15510575520785008,Fish,0,1,1,0,0,0,0,0,0,1,Plunging,0,0,1,1,1,0,1,0,4,15,0.26666666666666666
Ardenna carneipes,Ardenna_carneipes,Procellariiformes,Procellariidae,1,Roman et al. 2019,2014,Indian Ocean,Necropsy,609,-0.15510575520785008,Fish,0,1,1,0,0,0,0,0,0,1,Plunging,0,0,1,1,1,0,1,0,6,41,0.14634146341463414
Ardenna carneipes,Ardenna_carneipes,Procellariiformes,Procellariidae,1,Roman et al. 2019,2014,South Pacific Ocean,Necropsy,609,-0.15510575520785008,Fish,0,1,1,0,0,0,0,0,0,1,Plunging,0,0,1,1,1,0,1,0,1,1,1
Ardenna carneipes,Ardenna_carneipes,Procellariiformes,Procellariidae,1,Roman et al. 2019,2015,Indian Ocean,Necropsy,609,-0.15510575520785008,Fish,0,1,1,0,0,0,0,0,0,1,Plunging,0,0,1,1,1,0,1,0,8,32,0.25
Ardenna carneipes,Ardenna_carneipes,Procellariiformes,Procellariidae,1,Roman et al. 2019,2015,South Pacific Ocean,Necropsy,609,-0.15510575520785008,Fish,0,1,1,0,0,0,0,0,0,1,Plunging,0,0,1,1,1,0,1,0,3,8,0.375
Ardenna carneipes,Ardenna_carneipes,Procellariiformes,Procellariidae,1,Roman et al. 2019,2016,Indian Ocean,Necropsy,609,-0.15510575520785008,Fish,0,1,1,0,0,0,0,0,0,1,Plunging,0,0,1,1,1,0,1,0,10,31,0.3225806451612903
Ardenna carneipes,Ardenna_carneipes,Procellariiformes,Procellariidae,1,Roman et al. 2019,2016,South Pacific Ocean,Necropsy,609,-0.15510575520785008,Fish,0,1,1,0,0,0,0,0,0,1,Plunging,0,0,1,1,1,0,1,0,5,8,0.625
Ardenna carneipes,Ardenna_carneipes,Procellariiformes,Procellariidae,1,"Szabo et al., 2021",2019,South Pacific Ocean,Necropsy,609,-0.15510575520785008,Fish,0,1,1,0,0,0,0,0,0,1,Plunging,0,0,1,1,1,0,1,0,27,33,0.8181818181818182
Ardenna carneipes,Ardenna_carneipes,Procellariiformes,Procellariidae,1,"Yamashita et al., 2021",2016,Indian Ocean,Necropsy,609,-0.15510575520785008,Fish,0,1,1,0,0,0,0,0,0,1,Plunging,0,0,1,1,1,0,1,0,3,6,0.5
Ardenna carneipes,Ardenna_carneipes,Procellariiformes,Procellariidae,NA,"Bond et al., 2021",2002,South Pacific Ocean,Bolus,609,-0.15510575520785008,Fish,0,1,1,0,0,0,0,0,0,1,Plunging,0,0,1,1,1,0,1,0,4,4,1
Ardenna carneipes,Ardenna_carneipes,Procellariiformes,Procellariidae,NA,"Bond et al., 2021",2005,South Pacific Ocean,Bolus,609,-0.15510575520785008,Fish,0,1,1,0,0,0,0,0,0,1,Plunging,0,0,1,1,1,0,1,0,115,115,1
Ardenna carneipes,Ardenna_carneipes,Procellariiformes,Procellariidae,NA,"Bond et al., 2021",2006,South Pacific Ocean,Bolus,609,-0.15510575520785008,Fish,0,1,1,0,0,0,0,0,0,1,Plunging,0,0,1,1,1,0,1,0,30,30,1
Ardenna carneipes,Ardenna_carneipes,Procellariiformes,Procellariidae,NA,"Bond et al., 2021",2010,South Pacific Ocean,Bolus,609,-0.15510575520785008,Fish,0,1,1,0,0,0,0,0,0,1,Plunging,0,0,1,1,1,0,1,0,3,3,1
Ardenna carneipes,Ardenna_carneipes,Procellariiformes,Procellariidae,NA,"Bond et al., 2021",2012,South Pacific Ocean,Bolus,609,-0.15510575520785008,Fish,0,1,1,0,0,0,0,0,0,1,Plunging,0,0,1,1,1,0,1,0,62,62,1
Ardenna carneipes,Ardenna_carneipes,Procellariiformes,Procellariidae,NA,"Bond et al., 2021",2013,South Pacific Ocean,Bolus,609,-0.15510575520785008,Fish,0,1,1,0,0,0,0,0,0,1,Plunging,0,0,1,1,1,0,1,0,13,13,1
Ardenna carneipes,Ardenna_carneipes,Procellariiformes,Procellariidae,NA,"Bond et al., 2021",2014,South Pacific Ocean,Bolus,609,-0.15510575520785008,Fish,0,1,1,0,0,0,0,0,0,1,Plunging,0,0,1,1,1,0,1,0,2,2,1
Ardenna carneipes,Ardenna_carneipes,Procellariiformes,Procellariidae,NA,"Bond et al., 2021",2015,South Pacific Ocean,Bolus,609,-0.15510575520785008,Fish,0,1,1,0,0,0,0,0,0,1,Plunging,0,0,1,1,1,0,1,0,15,15,1
Ardenna carneipes,Ardenna_carneipes,Procellariiformes,Procellariidae,NA,"Bond et al., 2021",2016,South Pacific Ocean,Bolus,609,-0.15510575520785008,Fish,0,1,1,0,0,0,0,0,0,1,Plunging,0,0,1,1,1,0,1,0,26,26,1
Ardenna carneipes,Ardenna_carneipes,Procellariiformes,Procellariidae,NA,"Bond et al., 2021",2017,South Pacific Ocean,Bolus,609,-0.15510575520785008,Fish,0,1,1,0,0,0,0,0,0,1,Plunging,0,0,1,1,1,0,1,0,13,13,1
Ardenna carneipes,Ardenna_carneipes,Procellariiformes,Procellariidae,NA,"Bond et al., 2021",2018,South Pacific Ocean,Bolus,609,-0.15510575520785008,Fish,0,1,1,0,0,0,0,0,0,1,Plunging,0,0,1,1,1,0,1,0,8,8,1
Ardenna carneipes,Ardenna_carneipes,Procellariiformes,Procellariidae,NA,"Bond et al., 2021",2019,South Pacific Ocean,Bolus,609,-0.15510575520785008,Fish,0,1,1,0,0,0,0,0,0,1,Plunging,0,0,1,1,1,0,1,0,19,19,1
Ardenna carneipes,Ardenna_carneipes,Procellariiformes,Procellariidae,NA,"Bond et al., 2021",2020,South Pacific Ocean,Bolus,609,-0.15510575520785008,Fish,0,1,1,0,0,0,0,0,0,1,Plunging,0,0,1,1,1,0,1,0,5,5,1
Ardenna carneipes,Ardenna_carneipes,Procellariiformes,Procellariidae,NA,Hutton et al. 2008,2001.5,South Pacific Ocean,Necropsy,609,-0.15510575520785008,Fish,0,1,1,0,0,0,0,0,0,1,Plunging,0,0,1,1,1,0,1,0,14,14,1
Ardenna carneipes,Ardenna_carneipes,Procellariiformes,Procellariidae,NA,Hutton et al. 2008,2003,South Pacific Ocean,Necropsy,609,-0.15510575520785008,Fish,0,1,1,0,0,0,0,0,0,1,Plunging,0,0,1,1,1,0,1,0,124,124,1
Ardenna carneipes,Ardenna_carneipes,Procellariiformes,Procellariidae,NA,"Lavers et al., 2021",2013,South Pacific Ocean,Necropsy,609,-0.15510575520785008,Fish,0,1,1,0,0,0,0,0,0,1,Plunging,0,0,1,1,1,0,1,0,361,407,0.8869778869778869
Ardenna carneipes,Ardenna_carneipes,Procellariiformes,Procellariidae,NA,Roman et al. 2019,2003,South Pacific Ocean,Necropsy,609,-0.15510575520785008,Fish,0,1,1,0,0,0,0,0,0,1,Plunging,0,0,1,1,1,0,1,0,1,1,1
Ardenna carneipes,Ardenna_carneipes,Procellariiformes,Procellariidae,NA,Roman et al. 2019,2010,South Pacific Ocean,Necropsy,609,-0.15510575520785008,Fish,0,1,1,0,0,0,0,0,0,1,Plunging,0,0,1,1,1,0,1,0,0,1,0
Ardenna carneipes,Ardenna_carneipes,Procellariiformes,Procellariidae,NA,Roman et al. 2019,2014,Indian Ocean,Necropsy,609,-0.15510575520785008,Fish,0,1,1,0,0,0,0,0,0,1,Plunging,0,0,1,1,1,0,1,0,0,3,0
Ardenna carneipes,Ardenna_carneipes,Procellariiformes,Procellariidae,NA,Roman et al. 2019,2015,Indian Ocean,Necropsy,609,-0.15510575520785008,Fish,0,1,1,0,0,0,0,0,0,1,Plunging,0,0,1,1,1,0,1,0,1,2,0.5
Ardenna carneipes,Ardenna_carneipes,Procellariiformes,Procellariidae,NA,Roman et al. 2019,2016,Indian Ocean,Necropsy,609,-0.15510575520785008,Fish,0,1,1,0,0,0,0,0,0,1,Plunging,0,0,1,1,1,0,1,0,3,44,0.06818181818181818
Ardenna carneipes,Ardenna_carneipes,Procellariiformes,Procellariidae,NA,"Roman et al., 2019a",2015,Southern Ocean,Necropsy,609,-0.15510575520785008,Fish,0,1,1,0,0,0,0,0,0,1,Plunging,0,0,1,1,1,0,1,0,55,213,0.25821596244131456
Ardenna creatopus,Ardenna_creatopus,Procellariiformes,Procellariidae,1,Robards 1993,1990.5,North Pacific Ocean,Necropsy,744,-0.1237254412238937,Fish,0,1,1,1,0,0,0,0,0,1,Surface.Seizing,0,0,1,1,1,0,1,0,1,1,1
Ardenna creatopus,Ardenna_creatopus,Procellariiformes,Procellariidae,NA,Baltz and Morejohn 1976,1974.5,North Pacific Ocean,Necropsy,744,-0.1237254412238937,Fish,0,1,1,1,0,0,0,0,0,1,Surface.Seizing,0,0,1,1,1,0,1,0,2,5,0.4
Ardenna gravis,Ardenna_gravis,Procellariiformes,Procellariidae,1,Barbieri 2009,2001,South Pacific Ocean,Necropsy,849,-0.09931853034748318,Fish,0,1,1,1,0,1,0,0,1,1,Surface.Seizing,0,0,1,1,0,0,1,0,21,29,0.7241379310344828
Ardenna gravis,Ardenna_gravis,Procellariiformes,Procellariidae,1,Bond et al. 2014,2005.5,North Atlantic Ocean,Necropsy,849,-0.09931853034748318,Fish,0,1,1,1,0,1,0,0,1,1,Surface.Seizing,0,0,1,1,0,0,1,0,74,84,0.8809523809523809
Ardenna gravis,Ardenna_gravis,Procellariiformes,Procellariidae,1,Brown et al. 1981,1974.5,North Atlantic Ocean,Necropsy,849,-0.09931853034748318,Fish,0,1,1,1,0,1,0,0,1,1,Surface.Seizing,0,0,1,1,0,0,1,0,24,62,0.3870967741935484
Ardenna gravis,Ardenna_gravis,Procellariiformes,Procellariidae,1,Brown et al. 1981,1978,North Atlantic Ocean,Necropsy,849,-0.09931853034748318,Fish,0,1,1,1,0,1,0,0,1,1,Surface.Seizing,0,0,1,1,0,0,1,0,16,20,0.8
Ardenna gravis,Ardenna_gravis,Procellariiformes,Procellariidae,1,Colabuono et al. 2009,1999.5,South Pacific Ocean,Necropsy,849,-0.09931853034748318,Fish,0,1,1,1,0,1,0,0,1,1,Surface.Seizing,0,0,1,1,0,0,1,0,16,18,0.8888888888888888
Ardenna gravis,Ardenna_gravis,Procellariiformes,Procellariidae,1,Colabuono et al. 2010,1991,South Pacific Ocean,Necropsy,849,-0.09931853034748318,Fish,0,1,1,1,0,1,0,0,1,1,Surface.Seizing,0,0,1,1,0,0,1,0,6,6,1
Ardenna gravis,Ardenna_gravis,Procellariiformes,Procellariidae,1,Furness 1983,1981,North Atlantic Ocean,Necropsy,849,-0.09931853034748318,Fish,0,1,1,1,0,1,0,0,1,1,Surface.Seizing,0,0,1,1,0,0,1,0,9,10,0.9
Ardenna gravis,Ardenna_gravis,Procellariiformes,Procellariidae,1,Furness 1985a,1983,South Pacific Ocean,Necropsy,849,-0.09931853034748318,Fish,0,1,1,1,0,1,0,0,1,1,Surface.Seizing,0,0,1,1,0,0,1,0,11,13,0.8461538461538461
Ardenna gravis,Ardenna_gravis,Procellariiformes,Procellariidae,1,Haman et al. 2013,2002,North Atlantic Ocean,Necropsy,849,-0.09931853034748318,Fish,0,1,1,1,0,1,0,0,1,1,Surface.Seizing,0,0,1,1,0,0,1,0,27,60,0.45
Ardenna gravis,Ardenna_gravis,Procellariiformes,Procellariidae,1,Moser and Lee 1992,1982,North Atlantic Ocean,Necropsy,849,-0.09931853034748318,Fish,0,1,1,1,0,1,0,0,1,1,Surface.Seizing,0,0,1,1,0,0,1,0,35,55,0.6363636363636364
Ardenna gravis,Ardenna_gravis,Procellariiformes,Procellariidae,1,Nest-,1970,North Atlantic Ocean,Necropsy,849,-0.09931853034748318,Fish,0,1,1,1,0,1,0,0,1,1,Surface.Seizing,0,0,1,1,0,0,1,0,1,1,1
Ardenna gravis,Ardenna_gravis,Procellariiformes,Procellariidae,1,Petry et al. 2002,1997.5,South Pacific Ocean,Necropsy,849,-0.09931853034748318,Fish,0,1,1,1,0,1,0,0,1,1,Surface.Seizing,0,0,1,1,0,0,1,0,77,110,0.7
Ardenna gravis,Ardenna_gravis,Procellariiformes,Procellariidae,1,Provencher et al. 2014,2006.5,North Atlantic Ocean,Necropsy,849,-0.09931853034748318,Fish,0,1,1,1,0,1,0,0,1,1,Surface.Seizing,0,0,1,1,0,0,1,0,12,17,0.7058823529411765
Ardenna gravis,Ardenna_gravis,Procellariiformes,Procellariidae,1,Randall et al. 1983,1980,South Pacific Ocean,Necropsy,849,-0.09931853034748318,Fish,0,1,1,1,0,1,0,0,1,1,Surface.Seizing,0,0,1,1,0,0,1,0,2,2,1
Ardenna gravis,Ardenna_gravis,Procellariiformes,Procellariidae,1,"Robuck et al., 2022",2013.5,North Atlantic Ocean,Necropsy,849,-0.09931853034748318,Fish,0,1,1,1,0,1,0,0,1,1,Surface.Seizing,0,0,1,1,0,0,1,0,133,142,0.9366197183098591
Ardenna gravis,Ardenna_gravis,Procellariiformes,Procellariidae,1,"Robuck et al., 2022",2017.5,South Atlantic Ocean,Necropsy,849,-0.09931853034748318,Fish,0,1,1,1,0,1,0,0,1,1,Surface.Seizing,0,0,1,1,0,0,1,0,15,25,0.6
Ardenna gravis,Ardenna_gravis,Procellariiformes,Procellariidae,1,Tavares et al. 2017,2012,South Pacific Ocean,Necropsy,849,-0.09931853034748318,Fish,0,1,1,1,0,1,0,0,1,1,Surface.Seizing,0,0,1,1,0,0,1,0,5,9,0.5555555555555556
Ardenna gravis,Ardenna_gravis,Procellariiformes,Procellariidae,1,Tavares et al. 2017,2013,South Pacific Ocean,Necropsy,849,-0.09931853034748318,Fish,0,1,1,1,0,1,0,0,1,1,Surface.Seizing,0,0,1,1,0,0,1,0,1,4,0.25
Ardenna gravis,Ardenna_gravis,Procellariiformes,Procellariidae,1,Tourinho et al. 2010,2007,South Pacific Ocean,Necropsy,849,-0.09931853034748318,Fish,0,1,1,1,0,1,0,0,1,1,Surface.Seizing,0,0,1,1,0,0,1,0,3,4,0.75
Ardenna gravis,Ardenna_gravis,Procellariiformes,Procellariidae,NA,"Di Beneditto and Siciliano, 2021",2010,South Atlantic Ocean,Necropsy,849,-0.09931853034748318,Fish,0,1,1,1,0,1,0,0,1,1,Surface.Seizing,0,0,1,1,0,0,1,0,1,1,1
Ardenna gravis,Ardenna_gravis,Procellariiformes,Procellariidae,NA,"Franco et al., 2019",2017,North Atlantic Ocean,Necropsy,849,-0.09931853034748318,Fish,0,1,1,1,0,1,0,0,1,1,Surface.Seizing,0,0,1,1,0,0,1,0,1,1,1
Ardenna gravis,Ardenna_gravis,Procellariiformes,Procellariidae,NA,"Gallo et al., 2024",2019,South Atlantic Ocean,Necropsy,849,-0.09931853034748318,Fish,0,1,1,1,0,1,0,0,1,1,Surface.Seizing,0,0,1,1,0,0,1,0,1,1,1
Ardenna gravis,Ardenna_gravis,Procellariiformes,Procellariidae,NA,"Muñoz et al., 2023",2011,South Atlantic Ocean,Necropsy,849,-0.09931853034748318,Fish,0,1,1,1,0,1,0,0,1,1,Surface.Seizing,0,0,1,1,0,0,1,0,2,2,1
Ardenna gravis,Ardenna_gravis,Procellariiformes,Procellariidae,NA,"Perold et al., 2024",1988,South Atlantic Ocean,Bolus,849,-0.09931853034748318,Fish,0,1,1,1,0,1,0,0,1,1,Surface.Seizing,0,0,1,1,0,0,1,0,19,21,0.9047619047619048
Ardenna gravis,Ardenna_gravis,Procellariiformes,Procellariidae,NA,"Perold et al., 2024",2001.5,South Atlantic Ocean,Bolus,849,-0.09931853034748318,Fish,0,1,1,1,0,1,0,0,1,1,Surface.Seizing,0,0,1,1,0,0,1,0,46,54,0.8518518518518519
Ardenna gravis,Ardenna_gravis,Procellariiformes,Procellariidae,NA,"Perold et al., 2024",2011.5,South Atlantic Ocean,Bolus,849,-0.09931853034748318,Fish,0,1,1,1,0,1,0,0,1,1,Surface.Seizing,0,0,1,1,0,0,1,0,55,62,0.8870967741935484
Ardenna gravis,Ardenna_gravis,Procellariiformes,Procellariidae,NA,"Perold et al., 2024",2018,South Atlantic Ocean,Bolus,849,-0.09931853034748318,Fish,0,1,1,1,0,1,0,0,1,1,Surface.Seizing,0,0,1,1,0,0,1,0,112,153,0.7320261437908496
Ardenna gravis,Ardenna_gravis,Procellariiformes,Procellariidae,NA,Powers and Van Ga 1979,1977,North Atlantic Ocean,Regurgitation,849,-0.09931853034748318,Fish,0,1,1,1,0,1,0,0,1,1,Surface.Seizing,0,0,1,1,0,0,1,0,0,0,0
Ardenna gravis,Ardenna_gravis,Procellariiformes,Procellariidae,NA,"Robuck et al., 2022",2013.5,North Atlantic Ocean,Necropsy,849,-0.09931853034748318,Fish,0,1,1,1,0,1,0,0,1,1,Surface.Seizing,0,0,1,1,0,0,1,0,132,139,0.9496402877697842
Ardenna gravis,Ardenna_gravis,Procellariiformes,Procellariidae,NA,"Robuck et al., 2022",2019,South Atlantic Ocean,Necropsy,849,-0.09931853034748318,Fish,0,1,1,1,0,1,0,0,1,1,Surface.Seizing,0,0,1,1,0,0,1,0,13,13,1
Ardenna gravis,Ardenna_gravis,Procellariiformes,Procellariidae,NA,Ryan 1987,1982,Indian Ocean,Necropsy,849,-0.09931853034748318,Fish,0,1,1,1,0,1,0,0,1,1,Surface.Seizing,0,0,1,1,0,0,1,0,45,50,0.9
Ardenna gravis,Ardenna_gravis,Procellariiformes,Procellariidae,NA,"Ryan, 2008",2005,South Pacific Ocean,Necropsy,849,-0.09931853034748318,Fish,0,1,1,1,0,1,0,0,1,1,Surface.Seizing,0,0,1,1,0,0,1,0,0,53,0
Ardenna gravis,Ardenna_gravis,Procellariiformes,Procellariidae,NA,Tavares et al. 2017,2012,South Pacific Ocean,Necropsy,849,-0.09931853034748318,Fish,0,1,1,1,0,1,0,0,1,1,Surface.Seizing,0,0,1,1,0,0,1,0,3,3,1
Ardenna gravis,Ardenna_gravis,Procellariiformes,Procellariidae,NA,"do Nascimiento et al., 2023",2013.5,South Atlantic Ocean,Necropsy,849,-0.09931853034748318,Fish,0,1,1,1,0,1,0,0,1,1,Surface.Seizing,0,0,1,1,0,0,1,0,10,24,0.4166666666666667
Ardenna gravis,Ardenna_gravis,Procellariiformes,Procellariidae,NA,"do Nascimiento, 2022",2018,South Atlantic Ocean,Necropsy,849,-0.09931853034748318,Fish,0,1,1,1,0,1,0,0,1,1,Surface.Seizing,0,0,1,1,0,0,1,0,2,2,1
Ardenna grisea,Ardenna_grisea,Procellariiformes,Procellariidae,1,Ainley et al. 1990b,1986,Southern Ocean,Necropsy,787,-0.11373023010307796,Fish,0,1,1,1,0,1,0,0,1,1,Plunging,0,0,0,1,0,1,1,0,18,25,0.72
Ardenna grisea,Ardenna_grisea,Procellariiformes,Procellariidae,1,Avery-Gomm et al. 2013,2011,North Pacific Ocean,Necropsy,787,-0.11373023010307796,Fish,0,1,1,1,0,1,0,0,1,1,Plunging,0,0,0,1,0,1,1,0,1,1,1
Ardenna grisea,Ardenna_grisea,Procellariiformes,Procellariidae,1,Baltz and Morejohn 1976,1974.5,North Pacific Ocean,Necropsy,787,-0.11373023010307796,Fish,0,1,1,1,0,1,0,0,1,1,Plunging,0,0,0,1,0,1,1,0,12,21,0.5714285714285714
Ardenna grisea,Ardenna_grisea,Procellariiformes,Procellariidae,1,Barbieri 2009,2001,South Pacific Ocean,Necropsy,787,-0.11373023010307796,Fish,0,1,1,1,0,1,0,0,1,1,Plunging,0,0,0,1,0,1,1,0,7,11,0.6363636363636364
Ardenna grisea,Ardenna_grisea,Procellariiformes,Procellariidae,1,Blight and Burger 1997,1987,North Pacific Ocean,Necropsy,787,-0.11373023010307796,Fish,0,1,1,1,0,1,0,0,1,1,Plunging,0,0,0,1,0,1,1,0,15,20,0.75
Ardenna grisea,Ardenna_grisea,Procellariiformes,Procellariidae,1,Bond et al. 2014,2005.5,North Atlantic Ocean,Necropsy,787,-0.11373023010307796,Fish,0,1,1,1,0,1,0,0,1,1,Plunging,0,0,0,1,0,1,1,0,36,50,0.72
Ardenna grisea,Ardenna_grisea,Procellariiformes,Procellariidae,1,Bourne 1976,1970,North Atlantic Ocean,Necropsy,787,-0.11373023010307796,Fish,0,1,1,1,0,1,0,0,1,1,Plunging,0,0,0,1,0,1,1,0,1,1,1
Ardenna grisea,Ardenna_grisea,Procellariiformes,Procellariidae,1,Brown et al. 1981,1974.5,North Atlantic Ocean,Necropsy,787,-0.11373023010307796,Fish,0,1,1,1,0,1,0,0,1,1,Plunging,0,0,0,1,0,1,1,0,5,30,0.16666666666666666
Ardenna grisea,Ardenna_grisea,Procellariiformes,Procellariidae,1,Brown et al. 1981,1978,North Atlantic Ocean,Necropsy,787,-0.11373023010307796,Fish,0,1,1,1,0,1,0,0,1,1,Plunging,0,0,0,1,0,1,1,0,1,5,0.2
Ardenna grisea,Ardenna_grisea,Procellariiformes,Procellariidae,1,Furness 1983,1981,North Atlantic Ocean,Necropsy,787,-0.11373023010307796,Fish,0,1,1,1,0,1,0,0,1,1,Plunging,0,0,0,1,0,1,1,0,0,13,0
Ardenna grisea,Ardenna_grisea,Procellariiformes,Procellariidae,1,Moser and Lee 1992,1982,North Atlantic Ocean,Necropsy,787,-0.11373023010307796,Fish,0,1,1,1,0,1,0,0,1,1,Plunging,0,0,0,1,0,1,1,0,2,5,0.4
Ardenna grisea,Ardenna_grisea,Procellariiformes,Procellariidae,1,Ogi 1989,1975,North Pacific Ocean,Necropsy,787,-0.11373023010307796,Fish,0,1,1,1,0,1,0,0,1,1,Plunging,0,0,0,1,0,1,1,0,1,1,1
Ardenna grisea,Ardenna_grisea,Procellariiformes,Procellariidae,1,Ogi 1989,1977,North Pacific Ocean,Necropsy,787,-0.11373023010307796,Fish,0,1,1,1,0,1,0,0,1,1,Plunging,0,0,0,1,0,1,1,0,2,8,0.25
Ardenna grisea,Ardenna_grisea,Procellariiformes,Procellariidae,1,Ogi 1989,1978,North Pacific Ocean,Necropsy,787,-0.11373023010307796,Fish,0,1,1,1,0,1,0,0,1,1,Plunging,0,0,0,1,0,1,1,0,22,25,0.88
Ardenna grisea,Ardenna_grisea,Procellariiformes,Procellariidae,1,Ogi 1989,1979,North Pacific Ocean,Necropsy,787,-0.11373023010307796,Fish,0,1,1,1,0,1,0,0,1,1,Plunging,0,0,0,1,0,1,1,0,114,125,0.912
Ardenna grisea,Ardenna_grisea,Procellariiformes,Procellariidae,1,Ogi 1989,1980,North Pacific Ocean,Necropsy,787,-0.11373023010307796,Fish,0,1,1,1,0,1,0,0,1,1,Plunging,0,0,0,1,0,1,1,0,7,10,0.7
Ardenna grisea,Ardenna_grisea,Procellariiformes,Procellariidae,1,Ogi 1989,1986,North Pacific Ocean,Necropsy,787,-0.11373023010307796,Fish,0,1,1,1,0,1,0,0,1,1,Plunging,0,0,0,1,0,1,1,0,18,21,0.8571428571428571
Ardenna grisea,Ardenna_grisea,Procellariiformes,Procellariidae,1,Ogi 1989,1987,North Pacific Ocean,Necropsy,787,-0.11373023010307796,Fish,0,1,1,1,0,1,0,0,1,1,Plunging,0,0,0,1,0,1,1,0,29,31,0.9354838709677419
Ardenna grisea,Ardenna_grisea,Procellariiformes,Procellariidae,1,Petry et al. 2002,1997.5,South Pacific Ocean,Necropsy,787,-0.11373023010307796,Fish,0,1,1,1,0,1,0,0,1,1,Plunging,0,0,0,1,0,1,1,0,10,27,0.37037037037037035
Ardenna grisea,Ardenna_grisea,Procellariiformes,Procellariidae,1,Robards 1993,1990.5,North Pacific Ocean,Necropsy,787,-0.11373023010307796,Fish,0,1,1,1,0,1,0,0,1,1,Plunging,0,0,0,1,0,1,1,0,462,543,0.850828729281768
Ardenna grisea,Ardenna_grisea,Procellariiformes,Procellariidae,1,Robertson et al. 2004,1998,South Pacific Ocean,Necropsy,787,-0.11373023010307796,Fish,0,1,1,1,0,1,0,0,1,1,Plunging,0,0,0,1,0,1,1,0,20,62,0.3225806451612903
Ardenna grisea,Ardenna_grisea,Procellariiformes,Procellariidae,1,Robertson et al. 2004,1999,South Pacific Ocean,Necropsy,787,-0.11373023010307796,Fish,0,1,1,1,0,1,0,0,1,1,Plunging,0,0,0,1,0,1,1,0,6,23,0.2608695652173913
Ardenna grisea,Ardenna_grisea,Procellariiformes,Procellariidae,1,Robertson et al. 2004,2000,South Pacific Ocean,Necropsy,787,-0.11373023010307796,Fish,0,1,1,1,0,1,0,0,1,1,Plunging,0,0,0,1,0,1,1,0,80,228,0.3508771929824561
Ardenna grisea,Ardenna_grisea,Procellariiformes,Procellariidae,1,Robertson et al. 2004,2001,South Pacific Ocean,Necropsy,787,-0.11373023010307796,Fish,0,1,1,1,0,1,0,0,1,1,Plunging,0,0,0,1,0,1,1,0,30,99,0.30303030303030304
Ardenna grisea,Ardenna_grisea,Procellariiformes,Procellariidae,1,Roman et al. 2019,2011,South Pacific Ocean,Necropsy,787,-0.11373023010307796,Fish,0,1,1,1,0,1,0,0,1,1,Plunging,0,0,0,1,0,1,1,0,0,1,0
Ardenna grisea,Ardenna_grisea,Procellariiformes,Procellariidae,1,Roman et al. 2019,2012,South Pacific Ocean,Necropsy,787,-0.11373023010307796,Fish,0,1,1,1,0,1,0,0,1,1,Plunging,0,0,0,1,0,1,1,0,0,1,0
Ardenna grisea,Ardenna_grisea,Procellariiformes,Procellariidae,1,Roman et al. 2019,2015,Indian Ocean,Necropsy,787,-0.11373023010307796,Fish,0,1,1,1,0,1,0,0,1,1,Plunging,0,0,0,1,0,1,1,0,0,1,0
Ardenna grisea,Ardenna_grisea,Procellariiformes,Procellariidae,1,Roman et al. 2019,2015,South Pacific Ocean,Necropsy,787,-0.11373023010307796,Fish,0,1,1,1,0,1,0,0,1,1,Plunging,0,0,0,1,0,1,1,0,9,63,0.14285714285714285
Ardenna grisea,Ardenna_grisea,Procellariiformes,Procellariidae,1,Roman et al. 2019,2016,South Pacific Ocean,Necropsy,787,-0.11373023010307796,Fish,0,1,1,1,0,1,0,0,1,1,Plunging,0,0,0,1,0,1,1,0,7,19,0.3684210526315789
Ardenna grisea,Ardenna_grisea,Procellariiformes,Procellariidae,1,Roman et al. 2019,2017,South Pacific Ocean,Necropsy,787,-0.11373023010307796,Fish,0,1,1,1,0,1,0,0,1,1,Plunging,0,0,0,1,0,1,1,0,2,2,1
Ardenna grisea,Ardenna_grisea,Procellariiformes,Procellariidae,1,Spear et al. 1995,1987.5,South Pacific Ocean,Necropsy,787,-0.11373023010307796,Fish,0,1,1,1,0,1,0,0,1,1,Plunging,0,0,0,1,0,1,1,0,27,36,0.75
Ardenna grisea,Ardenna_grisea,Procellariiformes,Procellariidae,1,Tavares et al. 2017,2013,South Pacific Ocean,Necropsy,787,-0.11373023010307796,Fish,0,1,1,1,0,1,0,0,1,1,Plunging,0,0,0,1,0,1,1,0,0,1,0
Ardenna grisea,Ardenna_grisea,Procellariiformes,Procellariidae,1,Terepocki et al. 2017,2011.5,North Pacific Ocean,Necropsy,787,-0.11373023010307796,Fish,0,1,1,1,0,1,0,0,1,1,Plunging,0,0,0,1,0,1,1,0,16,25,0.64
Ardenna grisea,Ardenna_grisea,Procellariiformes,Procellariidae,1,Tourinho et al. 2010,2007,South Pacific Ocean,Necropsy,787,-0.11373023010307796,Fish,0,1,1,1,0,1,0,0,1,1,Plunging,0,0,0,1,0,1,1,0,1,1,1
Ardenna grisea,Ardenna_grisea,Procellariiformes,Procellariidae,NA,"Roman et al., 2019a",2015,Southern Ocean,Necropsy,787,-0.11373023010307796,Fish,0,1,1,1,0,1,0,0,1,1,Plunging,0,0,0,1,0,1,1,0,19,89,0.21348314606741572
Ardenna grisea,Ardenna_grisea,Procellariiformes,Procellariidae,NA,Ryan 1987,1982,Indian Ocean,Necropsy,787,-0.11373023010307796,Fish,0,1,1,1,0,1,0,0,1,1,Plunging,0,0,0,1,0,1,1,0,32,63,0.5079365079365079
Ardenna grisea,Ardenna_grisea,Procellariiformes,Procellariidae,NA,"do Nascimiento et al., 2023",2013.5,South Atlantic Ocean,Necropsy,787,-0.11373023010307796,Fish,0,1,1,1,0,1,0,0,1,1,Plunging,0,0,0,1,0,1,1,0,2,9,0.2222222222222222
Ardenna pacifica,Ardenna_pacifica,Procellariiformes,Procellariidae,1,Ainley et al. 1990b,1986,Southern Ocean,Necropsy,388,-0.2064764914334379,Fish,0,1,1,1,1,1,0,0,1,1,Surface.Seizing,0,0,0,1,0,0,1,0,1,35,0.02857142857142857
Ardenna pacifica,Ardenna_pacifica,Procellariiformes,Procellariidae,1,Day et al. 1984,1979.5,North Pacific Ocean,Bolus,388,-0.2064764914334379,Fish,0,1,1,1,1,1,0,0,1,1,Surface.Seizing,0,0,0,1,0,0,1,0,0,233,0
Ardenna pacifica,Ardenna_pacifica,Procellariiformes,Procellariidae,1,Fry et al. 1987,1984,North Pacific Ocean,Necropsy,388,-0.2064764914334379,Fish,0,1,1,1,1,1,0,0,1,1,Surface.Seizing,0,0,0,1,0,0,1,0,12,20,0.6
Ardenna pacifica,Ardenna_pacifica,Procellariiformes,Procellariidae,1,"Gilbert et al., 2016",2011.5,South Pacific Ocean,Necropsy,388,-0.2064764914334379,Fish,0,1,1,1,1,1,0,0,1,1,Surface.Seizing,0,0,0,1,0,0,1,0,1,2,0.5
Ardenna pacifica,Ardenna_pacifica,Procellariiformes,Procellariidae,1,Hardesty et al. 2014,2014,South Pacific Ocean,Lavage,388,-0.2064764914334379,Fish,0,1,1,1,1,1,0,0,1,1,Surface.Seizing,0,0,0,1,0,0,1,0,1,8,0.125
Ardenna pacifica,Ardenna_pacifica,Procellariiformes,Procellariidae,1,Kain et al. 2016,2010.5,North Pacific Ocean,Necropsy,388,-0.2064764914334379,Fish,0,1,1,1,1,1,0,0,1,1,Surface.Seizing,0,0,0,1,0,0,1,0,8,19,0.42105263157894735
Ardenna pacifica,Ardenna_pacifica,Procellariiformes,Procellariidae,1,Lavers et al. 2018,2013,South Pacific Ocean,Necropsy,388,-0.2064764914334379,Fish,0,1,1,1,1,1,0,0,1,1,Surface.Seizing,0,0,0,1,0,0,1,0,3,14,0.21428571428571427
Ardenna pacifica,Ardenna_pacifica,Procellariiformes,Procellariidae,1,Lavers et al. 2018,2014,South Pacific Ocean,Necropsy,388,-0.2064764914334379,Fish,0,1,1,1,1,1,0,0,1,1,Surface.Seizing,0,0,0,1,0,0,1,0,4,11,0.36363636363636365
Ardenna pacifica,Ardenna_pacifica,Procellariiformes,Procellariidae,1,Lavers et al. 2018,2014,South Pacific Ocean,Regurgitation,388,-0.2064764914334379,Fish,0,1,1,1,1,1,0,0,1,1,Surface.Seizing,0,0,0,1,0,0,1,0,6,31,0.1935483870967742
Ardenna pacifica,Ardenna_pacifica,Procellariiformes,Procellariidae,1,Lavers et al. 2018,2015,South Pacific Ocean,Necropsy,388,-0.2064764914334379,Fish,0,1,1,1,1,1,0,0,1,1,Surface.Seizing,0,0,0,1,0,0,1,0,2,10,0.2
Ardenna pacifica,Ardenna_pacifica,Procellariiformes,Procellariidae,1,Lavers et al. 2018,2015,South Pacific Ocean,Regurgitation,388,-0.2064764914334379,Fish,0,1,1,1,1,1,0,0,1,1,Surface.Seizing,0,0,0,1,0,0,1,0,6,21,0.2857142857142857
Ardenna pacifica,Ardenna_pacifica,Procellariiformes,Procellariidae,1,Lavers et al. 2018,2016,South Pacific Ocean,Regurgitation,388,-0.2064764914334379,Fish,0,1,1,1,1,1,0,0,1,1,Surface.Seizing,0,0,0,1,0,0,1,0,6,26,0.23076923076923078
Ardenna pacifica,Ardenna_pacifica,Procellariiformes,Procellariidae,1,Lavers et al. 2018,2017,South Pacific Ocean,Necropsy,388,-0.2064764914334379,Fish,0,1,1,1,1,1,0,0,1,1,Surface.Seizing,0,0,0,1,0,0,1,0,5,8,0.625
Ardenna pacifica,Ardenna_pacifica,Procellariiformes,Procellariidae,1,Lavers et al. 2018,2017,South Pacific Ocean,Regurgitation,388,-0.2064764914334379,Fish,0,1,1,1,1,1,0,0,1,1,Surface.Seizing,0,0,0,1,0,0,1,0,5,17,0.29411764705882354
Ardenna pacifica,Ardenna_pacifica,Procellariiformes,Procellariidae,1,Lavers et al. 2018,2018,South Pacific Ocean,Necropsy,388,-0.2064764914334379,Fish,0,1,1,1,1,1,0,0,1,1,Surface.Seizing,0,0,0,1,0,0,1,0,15,22,0.6818181818181818
Ardenna pacifica,Ardenna_pacifica,Procellariiformes,Procellariidae,1,Lavers et al. 2018,2018,South Pacific Ocean,Regurgitation,388,-0.2064764914334379,Fish,0,1,1,1,1,1,0,0,1,1,Surface.Seizing,0,0,0,1,0,0,1,0,12,30,0.4
Ardenna pacifica,Ardenna_pacifica,Procellariiformes,Procellariidae,1,"Mejia et al., 2024",2021,North Pacific Ocean,Lavage,388,-0.2064764914334379,Fish,0,1,1,1,1,1,0,0,1,1,Surface.Seizing,0,0,0,1,0,0,1,0,12,28,0.42857142857142855
Ardenna pacifica,Ardenna_pacifica,Procellariiformes,Procellariidae,1,Rapp et al. 2017,2009.5,North Pacific Ocean,Necropsy,388,-0.2064764914334379,Fish,0,1,1,1,1,1,0,0,1,1,Surface.Seizing,0,0,0,1,0,0,1,0,2,2,1
Ardenna pacifica,Ardenna_pacifica,Procellariiformes,Procellariidae,1,Roman et al. 2016,2013,South Pacific Ocean,Necropsy,388,-0.2064764914334379,Fish,0,1,1,1,1,1,0,0,1,1,Surface.Seizing,0,0,0,1,0,0,1,0,4,28,0.14285714285714285
Ardenna pacifica,Ardenna_pacifica,Procellariiformes,Procellariidae,1,Roman et al. 2019,2013,South Pacific Ocean,Necropsy,388,-0.2064764914334379,Fish,0,1,1,1,1,1,0,0,1,1,Surface.Seizing,0,0,0,1,0,0,1,0,4,27,0.14814814814814814
Ardenna pacifica,Ardenna_pacifica,Procellariiformes,Procellariidae,1,Sileo et al. 1990a,1986,North Pacific Ocean,Lavage,388,-0.2064764914334379,Fish,0,1,1,1,1,1,0,0,1,1,Surface.Seizing,0,0,0,1,0,0,1,0,40,213,0.18779342723004694
Ardenna pacifica,Ardenna_pacifica,Procellariiformes,Procellariidae,1,Sileo et al. 1990a,1987,North Pacific Ocean,Lavage,388,-0.2064764914334379,Fish,0,1,1,1,1,1,0,0,1,1,Surface.Seizing,0,0,0,1,0,0,1,0,29,202,0.14356435643564355
Ardenna pacifica,Ardenna_pacifica,Procellariiformes,Procellariidae,1,"Szabo et al., 2021",2019,South Pacific Ocean,Necropsy,388,-0.2064764914334379,Fish,0,1,1,1,1,1,0,0,1,1,Surface.Seizing,0,0,0,1,0,0,1,0,2,9,0.2222222222222222
Ardenna pacifica,Ardenna_pacifica,Procellariiformes,Procellariidae,1,Verlis et al. 2013,2012,South Pacific Ocean,Lavage,388,-0.2064764914334379,Fish,0,1,1,1,1,1,0,0,1,1,Surface.Seizing,0,0,0,1,0,0,1,0,0,32,0
Ardenna pacifica,Ardenna_pacifica,Procellariiformes,Procellariidae,NA,"Berr et al., 2020",2016.5,South Pacific Ocean,Necropsy,388,-0.2064764914334379,Fish,0,1,1,1,1,1,0,0,1,1,Surface.Seizing,0,0,0,1,0,0,1,0,4,52,0.07692307692307693
Ardenna pacifica,Ardenna_pacifica,Procellariiformes,Procellariidae,NA,"Cartraud et al., 2019",2009,Indian Ocean,Necropsy,388,-0.2064764914334379,Fish,0,1,1,1,1,1,0,0,1,1,Surface.Seizing,0,0,0,1,0,0,1,0,3,9,0.3333333333333333
Ardenna pacifica,Ardenna_pacifica,Procellariiformes,Procellariidae,NA,Harrison et al. 1983,1979.5,North Pacific Ocean,Bolus,388,-0.2064764914334379,Fish,0,1,1,1,1,1,0,0,1,1,Surface.Seizing,0,0,0,1,0,0,1,0,0,233,0
Ardenna pacifica,Ardenna_pacifica,Procellariiformes,Procellariidae,NA,Hutton et al. 2008,2003,South Pacific Ocean,Necropsy,388,-0.2064764914334379,Fish,0,1,1,1,1,1,0,0,1,1,Surface.Seizing,0,0,0,1,0,0,1,0,3,22,0.13636363636363635
Ardenna pacifica,Ardenna_pacifica,Procellariiformes,Procellariidae,NA,Rapp et al. 2017,2009.5,North Pacific Ocean,Necropsy,388,-0.2064764914334379,Fish,0,1,1,1,1,1,0,0,1,1,Surface.Seizing,0,0,0,1,0,0,1,0,1,2,0.5
Ardenna pacifica,Ardenna_pacifica,Procellariiformes,Procellariidae,NA,"Roman et al., 2019a",2015,Southern Ocean,Necropsy,388,-0.2064764914334379,Fish,0,1,1,1,1,1,0,0,1,1,Surface.Seizing,0,0,0,1,0,0,1,0,4,28,0.14285714285714285
Ardenna tenuirostris,Ardenna_tenuirostris,Procellariiformes,Procellariidae,1,Acampora et al. 2014,2010,South Pacific Ocean,Necropsy,559,-0.16672809372042652,Crustaceans,0,1,1,1,0,0,0,0,0,1,Plunging,0,0,0,1,1,1,1,0,64,102,0.6274509803921569
Ardenna tenuirostris,Ardenna_tenuirostris,Procellariiformes,Procellariidae,1,Ainley et al. 1990b,1986,Southern Ocean,Necropsy,559,-0.16672809372042652,Crustaceans,0,1,1,1,0,0,0,0,0,1,Plunging,0,0,0,1,1,1,1,0,1,1,1
Ardenna tenuirostris,Ardenna_tenuirostris,Procellariiformes,Procellariidae,1,"Archer et al., 2021",2020,North Atlantic Ocean,Necropsy,559,-0.16672809372042652,Crustaceans,0,1,1,1,0,0,0,0,0,1,Plunging,0,0,0,1,1,1,1,0,1,1,1
Ardenna tenuirostris,Ardenna_tenuirostris,Procellariiformes,Procellariidae,1,"Gilbert et al., 2016",2011.5,South Pacific Ocean,Necropsy,559,-0.16672809372042652,Crustaceans,0,1,1,1,0,0,0,0,0,1,Plunging,0,0,0,1,1,1,1,0,4,5,0.8
Ardenna tenuirostris,Ardenna_tenuirostris,Procellariiformes,Procellariidae,1,Hardesty et al. 2014,2014,South Pacific Ocean,Necropsy,559,-0.16672809372042652,Crustaceans,0,1,1,1,0,0,0,0,0,1,Plunging,0,0,0,1,1,1,1,0,7,8,0.875
Ardenna tenuirostris,Ardenna_tenuirostris,Procellariiformes,Procellariidae,1,Hong et al. 2013,2011,North Pacific Ocean,Necropsy,559,-0.16672809372042652,Crustaceans,0,1,1,1,0,0,0,0,0,1,Plunging,0,0,0,1,1,1,1,0,1,1,1
Ardenna tenuirostris,Ardenna_tenuirostris,Procellariiformes,Procellariidae,1,"Keys et al., 2022",2021,South Pacific Ocean,Necropsy,559,-0.16672809372042652,Crustaceans,0,1,1,1,0,0,0,0,0,1,Plunging,0,0,0,1,1,1,1,0,12,14,0.8571428571428571
Ardenna tenuirostris,Ardenna_tenuirostris,Procellariiformes,Procellariidae,1,Ogi 1989,1970,North Pacific Ocean,Necropsy,559,-0.16672809372042652,Crustaceans,0,1,1,1,0,0,0,0,0,1,Plunging,0,0,0,1,1,1,1,0,13,28,0.4642857142857143
Ardenna tenuirostris,Ardenna_tenuirostris,Procellariiformes,Procellariidae,1,Ogi 1989,1972,North Pacific Ocean,Necropsy,559,-0.16672809372042652,Crustaceans,0,1,1,1,0,0,0,0,0,1,Plunging,0,0,0,1,1,1,1,0,27,51,0.5294117647058824
Ardenna tenuirostris,Ardenna_tenuirostris,Procellariiformes,Procellariidae,1,Ogi 1989,1973,North Pacific Ocean,Necropsy,559,-0.16672809372042652,Crustaceans,0,1,1,1,0,0,0,0,0,1,Plunging,0,0,0,1,1,1,1,0,4,6,0.6666666666666666
Ardenna tenuirostris,Ardenna_tenuirostris,Procellariiformes,Procellariidae,1,Ogi 1989,1975,North Pacific Ocean,Necropsy,559,-0.16672809372042652,Crustaceans,0,1,1,1,0,0,0,0,0,1,Plunging,0,0,0,1,1,1,1,0,21,25,0.84
Ardenna tenuirostris,Ardenna_tenuirostris,Procellariiformes,Procellariidae,1,Ogi 1989,1976,North Pacific Ocean,Necropsy,559,-0.16672809372042652,Crustaceans,0,1,1,1,0,0,0,0,0,1,Plunging,0,0,0,1,1,1,1,0,69,73,0.9452054794520548
Ardenna tenuirostris,Ardenna_tenuirostris,Procellariiformes,Procellariidae,1,Ogi 1989,1977,North Pacific Ocean,Necropsy,559,-0.16672809372042652,Crustaceans,0,1,1,1,0,0,0,0,0,1,Plunging,0,0,0,1,1,1,1,0,70,72,0.9722222222222222
Ardenna tenuirostris,Ardenna_tenuirostris,Procellariiformes,Procellariidae,1,Ogi 1989,1978,North Pacific Ocean,Necropsy,559,-0.16672809372042652,Crustaceans,0,1,1,1,0,0,0,0,0,1,Plunging,0,0,0,1,1,1,1,0,24,28,0.8571428571428571
Ardenna tenuirostris,Ardenna_tenuirostris,Procellariiformes,Procellariidae,1,Ogi 1989,1979,North Pacific Ocean,Necropsy,559,-0.16672809372042652,Crustaceans,0,1,1,1,0,0,0,0,0,1,Plunging,0,0,0,1,1,1,1,0,32,36,0.8888888888888888
Ardenna tenuirostris,Ardenna_tenuirostris,Procellariiformes,Procellariidae,1,"Puskic et al., 2020",2017,South Pacific Ocean,Necropsy,559,-0.16672809372042652,Crustaceans,0,1,1,1,0,0,0,0,0,1,Plunging,0,0,0,1,1,1,1,0,34,38,0.8947368421052632
Ardenna tenuirostris,Ardenna_tenuirostris,Procellariiformes,Procellariidae,1,"Puskic et al., 2024",2021,South Pacific Ocean,Necropsy,559,-0.16672809372042652,Crustaceans,0,1,1,1,0,0,0,0,0,1,Plunging,0,0,0,1,1,1,1,0,11,12,0.9166666666666666
Ardenna tenuirostris,Ardenna_tenuirostris,Procellariiformes,Procellariidae,1,"Puskic, 2024",2021,South Pacific Ocean,Necropsy,559,-0.16672809372042652,Crustaceans,0,1,1,1,0,0,0,0,0,1,Plunging,0,0,0,1,1,1,1,0,40,41,0.975609756097561
Ardenna tenuirostris,Ardenna_tenuirostris,Procellariiformes,Procellariidae,1,"Puskic, 2024",2022,South Pacific Ocean,Necropsy,559,-0.16672809372042652,Crustaceans,0,1,1,1,0,0,0,0,0,1,Plunging,0,0,0,1,1,1,1,0,6,13,0.46153846153846156
Ardenna tenuirostris,Ardenna_tenuirostris,Procellariiformes,Procellariidae,1,Robards 1993,1990.5,North Pacific Ocean,Necropsy,559,-0.16672809372042652,Crustaceans,0,1,1,1,0,0,0,0,0,1,Plunging,0,0,0,1,1,1,1,0,176,200,0.88
Ardenna tenuirostris,Ardenna_tenuirostris,Procellariiformes,Procellariidae,1,Robards et al. 1995,1989,North Pacific Ocean,Necropsy,559,-0.16672809372042652,Crustaceans,0,1,1,1,0,0,0,0,0,1,Plunging,0,0,0,1,1,1,1,0,4,5,0.8
Ardenna tenuirostris,Ardenna_tenuirostris,Procellariiformes,Procellariidae,1,Robertson et al. 2004,2000,South Pacific Ocean,Necropsy,559,-0.16672809372042652,Crustaceans,0,1,1,1,0,0,0,0,0,1,Plunging,0,0,0,1,1,1,1,0,27,33,0.8181818181818182
Ardenna tenuirostris,Ardenna_tenuirostris,Procellariiformes,Procellariidae,1,Rodriguez et al. 2018,2015.5,Southern Ocean,Necropsy,559,-0.16672809372042652,Crustaceans,0,1,1,1,0,0,0,0,0,1,Plunging,0,0,0,1,1,1,1,0,137,140,0.9785714285714285
Ardenna tenuirostris,Ardenna_tenuirostris,Procellariiformes,Procellariidae,1,Roman et al. 2016,2008,South Pacific Ocean,Necropsy,559,-0.16672809372042652,Crustaceans,0,1,1,1,0,0,0,0,0,1,Plunging,0,0,0,1,1,1,1,0,1,2,0.5
Ardenna tenuirostris,Ardenna_tenuirostris,Procellariiformes,Procellariidae,1,Roman et al. 2016,2013,South Pacific Ocean,Necropsy,559,-0.16672809372042652,Crustaceans,0,1,1,1,0,0,0,0,0,1,Plunging,0,0,0,1,1,1,1,0,33,35,0.9428571428571428
Ardenna tenuirostris,Ardenna_tenuirostris,Procellariiformes,Procellariidae,1,Roman et al. 2019,2002,South Pacific Ocean,Necropsy,559,-0.16672809372042652,Crustaceans,0,1,1,1,0,0,0,0,0,1,Plunging,0,0,0,1,1,1,1,0,1,1,1
Ardenna tenuirostris,Ardenna_tenuirostris,Procellariiformes,Procellariidae,1,Roman et al. 2019,2003,South Pacific Ocean,Necropsy,559,-0.16672809372042652,Crustaceans,0,1,1,1,0,0,0,0,0,1,Plunging,0,0,0,1,1,1,1,0,1,1,1
Ardenna tenuirostris,Ardenna_tenuirostris,Procellariiformes,Procellariidae,1,Roman et al. 2019,2004,South Pacific Ocean,Necropsy,559,-0.16672809372042652,Crustaceans,0,1,1,1,0,0,0,0,0,1,Plunging,0,0,0,1,1,1,1,0,3,4,0.75
Ardenna tenuirostris,Ardenna_tenuirostris,Procellariiformes,Procellariidae,1,Roman et al. 2019,2008,South Pacific Ocean,Necropsy,559,-0.16672809372042652,Crustaceans,0,1,1,1,0,0,0,0,0,1,Plunging,0,0,0,1,1,1,1,0,1,2,0.5
Ardenna tenuirostris,Ardenna_tenuirostris,Procellariiformes,Procellariidae,1,Roman et al. 2019,2010,South Pacific Ocean,Necropsy,559,-0.16672809372042652,Crustaceans,0,1,1,1,0,0,0,0,0,1,Plunging,0,0,0,1,1,1,1,0,5,5,1
Ardenna tenuirostris,Ardenna_tenuirostris,Procellariiformes,Procellariidae,1,Roman et al. 2019,2012,South Pacific Ocean,Necropsy,559,-0.16672809372042652,Crustaceans,0,1,1,1,0,0,0,0,0,1,Plunging,0,0,0,1,1,1,1,0,3,3,1
Ardenna tenuirostris,Ardenna_tenuirostris,Procellariiformes,Procellariidae,1,Roman et al. 2019,2013,Indian Ocean,Necropsy,559,-0.16672809372042652,Crustaceans,0,1,1,1,0,0,0,0,0,1,Plunging,0,0,0,1,1,1,1,0,5,5,1
Ardenna tenuirostris,Ardenna_tenuirostris,Procellariiformes,Procellariidae,1,Roman et al. 2019,2013,South Pacific Ocean,Necropsy,559,-0.16672809372042652,Crustaceans,0,1,1,1,0,0,0,0,0,1,Plunging,0,0,0,1,1,1,1,0,197,226,0.8716814159292036
Ardenna tenuirostris,Ardenna_tenuirostris,Procellariiformes,Procellariidae,1,Roman et al. 2019,2015,Indian Ocean,Necropsy,559,-0.16672809372042652,Crustaceans,0,1,1,1,0,0,0,0,0,1,Plunging,0,0,0,1,1,1,1,0,17,24,0.7083333333333334
Ardenna tenuirostris,Ardenna_tenuirostris,Procellariiformes,Procellariidae,1,Roman et al. 2019,2015,South Pacific Ocean,Necropsy,559,-0.16672809372042652,Crustaceans,0,1,1,1,0,0,0,0,0,1,Plunging,0,0,0,1,1,1,1,0,1,1,1
Ardenna tenuirostris,Ardenna_tenuirostris,Procellariiformes,Procellariidae,1,Roman et al. 2019,2016,Indian Ocean,Necropsy,559,-0.16672809372042652,Crustaceans,0,1,1,1,0,0,0,0,0,1,Plunging,0,0,0,1,1,1,1,0,9,9,1
Ardenna tenuirostris,Ardenna_tenuirostris,Procellariiformes,Procellariidae,1,Roman et al. 2019,2016,South Pacific Ocean,Necropsy,559,-0.16672809372042652,Crustaceans,0,1,1,1,0,0,0,0,0,1,Plunging,0,0,0,1,1,1,1,0,38,45,0.8444444444444444
Ardenna tenuirostris,Ardenna_tenuirostris,Procellariiformes,Procellariidae,1,"Roman et al., 2021",2013,South Pacific Ocean,Necropsy,559,-0.16672809372042652,Crustaceans,0,1,1,1,0,0,0,0,0,1,Plunging,0,0,0,1,1,1,1,0,152,172,0.8837209302325582
Ardenna tenuirostris,Ardenna_tenuirostris,Procellariiformes,Procellariidae,1,Tanaka et al. 2013,2005,North Pacific Ocean,Necropsy,559,-0.16672809372042652,Crustaceans,0,1,1,1,0,0,0,0,0,1,Plunging,0,0,0,1,1,1,1,0,12,12,1
Ardenna tenuirostris,Ardenna_tenuirostris,Procellariiformes,Procellariidae,1,Vlietstra & Parga 2002,2001,North Pacific Ocean,Necropsy,559,-0.16672809372042652,Crustaceans,0,1,1,1,0,0,0,0,0,1,Plunging,0,0,0,1,1,1,1,0,277,330,0.8393939393939394
Ardenna tenuirostris,Ardenna_tenuirostris,Procellariiformes,Procellariidae,1,Yamashita et al. 2011,2003,North Pacific Ocean,Necropsy,559,-0.16672809372042652,Crustaceans,0,1,1,1,0,0,0,0,0,1,Plunging,0,0,0,1,1,1,1,0,0,87,0
Ardenna tenuirostris,Ardenna_tenuirostris,Procellariiformes,Procellariidae,1,Yamashita et al. 2011,2005,North Pacific Ocean,Necropsy,559,-0.16672809372042652,Crustaceans,0,1,1,1,0,0,0,0,0,1,Plunging,0,0,0,1,1,1,1,0,0,12,0
Ardenna tenuirostris,Ardenna_tenuirostris,Procellariiformes,Procellariidae,1,"Yamashita et al., 2021",2013,South Pacific Ocean,Necropsy,559,-0.16672809372042652,Crustaceans,0,1,1,1,0,0,0,0,0,1,Plunging,0,0,0,1,1,1,1,0,5,5,1
Ardenna tenuirostris,Ardenna_tenuirostris,Procellariiformes,Procellariidae,NA,Baltz and Morejohn 1976,1974.5,North Pacific Ocean,Necropsy,559,-0.16672809372042652,Crustaceans,0,1,1,1,0,0,0,0,0,1,Plunging,0,0,0,1,1,1,1,0,0,0,0
Ardenna tenuirostris,Ardenna_tenuirostris,Procellariiformes,Procellariidae,NA,Day et al. 1984/Day 1980,1973,North Pacific Ocean,Necropsy,559,-0.16672809372042652,Crustaceans,0,1,1,1,0,0,0,0,0,1,Plunging,0,0,0,1,1,1,1,0,168,200,0.84
Ardenna tenuirostris,Ardenna_tenuirostris,Procellariiformes,Procellariidae,NA,"Roman et al., 2019a",2015,Southern Ocean,Necropsy,559,-0.16672809372042652,Crustaceans,0,1,1,1,0,0,0,0,0,1,Plunging,0,0,0,1,1,1,1,0,287,332,0.8644578313253012
Ardenna tenuirostris,Ardenna_tenuirostris,Procellariiformes,Procellariidae,NA,"Shugart et al., 2023",2019,Arctic Ocean,Necropsy,559,-0.16672809372042652,Crustaceans,0,1,1,1,0,0,0,0,0,1,Plunging,0,0,0,1,1,1,1,0,29,31,0.9354838709677419
Brachyramphus brevirostris,Brachyramphus_brevirostris,Charadriiformes,Alcidae,1,Robards et al. 1995,1989,North Pacific Ocean,Necropsy,234,-0.24227329405217335,Fish,0,1,0,1,0,0,0,0,0,1,Diving,0,0,1,0,0,0,0,0,0,17,0
Brachyramphus brevirostris,Brachyramphus_brevirostris,Charadriiformes,Alcidae,NA,Day et al. 1984/Day 1980,1973,North Pacific Ocean,Necropsy,234,-0.24227329405217335,Fish,0,1,0,1,0,0,0,0,0,1,Diving,0,0,1,0,0,0,0,0,0,5,0
Brachyramphus marmoratus,Brachyramphus_marmoratus,Charadriiformes,Alcidae,1,Robards et al. 1995,1989,North Pacific Ocean,Necropsy,220,-0.24552754883569475,Fish,0,1,0,1,0,0,0,0,0,1,Diving,0,0,1,0,0,0,0,0,0,96,0
Brachyramphus marmoratus,Brachyramphus_marmoratus,Charadriiformes,Alcidae,NA,Day et al. 1984/Day 1980,1973,North Pacific Ocean,Necropsy,220,-0.24552754883569475,Fish,0,1,0,1,0,0,0,0,0,1,Diving,0,0,1,0,0,0,0,0,0,61,0
Bucephala albeola,Bucephala_albeola,Anseriformes,Anatidae,NA,"Schutten et al., 2024",2021,North Atlantic Ocean,Necropsy,807,-0.10908129469804739,Crustaceans,0,1,0,1,1,0,0,0,0,0,Diving,0,1,1,0,0,0,0,0,0,1,0
Bucephala clangula,Bucephala_clangula,Anseriformes,Anatidae,NA,"Schutten et al., 2024",2021,North Atlantic Ocean,Necropsy,939.1666667,-0.07835957988872214,Crustaceans,0,0,0,1,1,0,0,0,0,0,Diving,0,1,1,0,0,0,0,0,0,2,0
Bucephala islandica,Bucephala_islandica,Anseriformes,Anatidae,1,Avery-Gomm et al. 2013,2007,North Pacific Ocean,Necropsy,1020.25,-0.05951202094190889,Crustaceans,0,0,0,1,1,0,0,0,0,0,Bottom.Feeding,0,1,1,0,0,0,0,0,0,2,0
Bulweria bulwerii,Bulweria_bulwerii,Procellariiformes,Procellariidae,1,Ainley et al. 1990b,1986,Southern Ocean,Necropsy,99,-0.2736536080361297,Fish,0,1,1,1,1,0,0,0,0,1,Surface.Seizing,0,0,0,1,0,0,1,0,0,19,0
Bulweria bulwerii,Bulweria_bulwerii,Procellariiformes,Procellariidae,1,"Matos et al., 2024a",2022,North Atlantic Ocean,Scat,99,-0.2736536080361297,Fish,0,1,1,1,1,0,0,0,0,1,Surface.Seizing,0,0,0,1,0,0,1,0,26,85,0.3058823529411765
Bulweria bulwerii,Bulweria_bulwerii,Procellariiformes,Procellariidae,1,Rapp et al. 2017,2009.5,North Pacific Ocean,Necropsy,99,-0.2736536080361297,Fish,0,1,1,1,1,0,0,0,0,1,Surface.Seizing,0,0,0,1,0,0,1,0,0,2,0
Bulweria bulwerii,Bulweria_bulwerii,Procellariiformes,Procellariidae,1,Sileo et al. 1990a,1987,North Pacific Ocean,Lavage,99,-0.2736536080361297,Fish,0,1,1,1,1,0,0,0,0,1,Surface.Seizing,0,0,0,1,0,0,1,0,2,38,0.05263157894736842
Bulweria bulwerii,Bulweria_bulwerii,Procellariiformes,Procellariidae,1,Spear et al. 1995,1987.5,South Pacific Ocean,Necropsy,99,-0.2736536080361297,Fish,0,1,1,1,1,0,0,0,0,1,Surface.Seizing,0,0,0,1,0,0,1,0,0,39,0
Bulweria bulwerii,Bulweria_bulwerii,Procellariiformes,Procellariidae,NA,"Navarro et al., 2023",2020.5,North Atlantic Ocean,Necropsy,99,-0.2736536080361297,Fish,0,1,1,1,1,0,0,0,0,1,Surface.Seizing,0,0,0,1,0,0,1,0,0,3,0
Bulweria bulwerii,Bulweria_bulwerii,Procellariiformes,Procellariidae,NA,"Silva, 2022",2021,North Atlantic Ocean,Scat,99,-0.2736536080361297,Fish,0,1,1,1,1,0,0,0,0,1,Surface.Seizing,0,0,0,1,0,0,1,0,14,39,0.358974358974359
Calonectris borealis,Calonectris_borealis,Procellariiformes,Procellariidae,1,Bond et al. 2014,2004,North Atlantic Ocean,Necropsy,535,-0.1723068162064632,Fish,0,1,1,1,1,1,0,0,1,1,Plunging,0,0,1,1,0,0,1,0,0,3,0
Calonectris borealis,Calonectris_borealis,Procellariiformes,Procellariidae,1,Codina-Garcia et al. 2013,2006.5,North Atlantic Ocean,Necropsy,535,-0.1723068162064632,Fish,0,1,1,1,1,1,0,0,1,1,Plunging,0,0,1,1,0,0,1,0,47,49,0.9591836734693877
Calonectris borealis,Calonectris_borealis,Procellariiformes,Procellariidae,1,Colabuono et al. 2009,1999.5,South Pacific Ocean,Necropsy,535,-0.1723068162064632,Fish,0,1,1,1,1,1,0,0,1,1,Plunging,0,0,1,1,0,0,1,0,5,5,1
Calonectris borealis,Calonectris_borealis,Procellariiformes,Procellariidae,1,"Fackelman et al., 2023",2017.5,North Atlantic Ocean,Necropsy,535,-0.1723068162064632,Fish,0,1,1,1,1,1,0,0,1,1,Plunging,0,0,1,1,0,0,1,0,57,58,0.9827586206896551
Calonectris borealis,Calonectris_borealis,Procellariiformes,Procellariidae,1,Moser and Lee 1992,1982,North Atlantic Ocean,Necropsy,535,-0.1723068162064632,Fish,0,1,1,1,1,1,0,0,1,1,Plunging,0,0,1,1,0,0,1,0,37,147,0.25170068027210885
Calonectris borealis,Calonectris_borealis,Procellariiformes,Procellariidae,1,Petry et al. 2002,1997.5,South Pacific Ocean,Necropsy,535,-0.1723068162064632,Fish,0,1,1,1,1,1,0,0,1,1,Plunging,0,0,1,1,0,0,1,0,112,112,1
Calonectris borealis,Calonectris_borealis,Procellariiformes,Procellariidae,1,Petry et al. 2009,2008,South Pacific Ocean,Necropsy,535,-0.1723068162064632,Fish,0,1,1,1,1,1,0,0,1,1,Plunging,0,0,1,1,0,0,1,0,143,185,0.772972972972973
Calonectris borealis,Calonectris_borealis,Procellariiformes,Procellariidae,1,"Rodríguez et al., 2024",2018.5,North Atlantic Ocean,Necropsy,535,-0.1723068162064632,Fish,0,1,1,1,1,1,0,0,1,1,Plunging,0,0,1,1,0,0,1,0,1119,1238,0.9038772213247173
Calonectris borealis,Calonectris_borealis,Procellariiformes,Procellariidae,1,Tavares et al. 2017,2011,South Pacific Ocean,Necropsy,535,-0.1723068162064632,Fish,0,1,1,1,1,1,0,0,1,1,Plunging,0,0,1,1,0,0,1,0,0,1,0
Calonectris borealis,Calonectris_borealis,Procellariiformes,Procellariidae,1,Tavares et al. 2017,2012,South Pacific Ocean,Necropsy,535,-0.1723068162064632,Fish,0,1,1,1,1,1,0,0,1,1,Plunging,0,0,1,1,0,0,1,0,1,2,0.5
Calonectris borealis,Calonectris_borealis,Procellariiformes,Procellariidae,1,Tavares et al. 2017,2013,South Pacific Ocean,Necropsy,535,-0.1723068162064632,Fish,0,1,1,1,1,1,0,0,1,1,Plunging,0,0,1,1,0,0,1,0,7,31,0.22580645161290322
Calonectris borealis,Calonectris_borealis,Procellariiformes,Procellariidae,NA,"Di Beneditto and Siciliano, 2021",2009,South Atlantic Ocean,Necropsy,535,-0.1723068162064632,Fish,0,1,1,1,1,1,0,0,1,1,Plunging,0,0,1,1,0,0,1,0,0,1,0
Calonectris borealis,Calonectris_borealis,Procellariiformes,Procellariidae,NA,"Di Beneditto and Siciliano, 2021",2010,South Atlantic Ocean,Necropsy,535,-0.1723068162064632,Fish,0,1,1,1,1,1,0,0,1,1,Plunging,0,0,1,1,0,0,1,0,2,3,0.6666666666666666
Calonectris borealis,Calonectris_borealis,Procellariiformes,Procellariidae,NA,"Gallo et al., 2024",2019,South Atlantic Ocean,Necropsy,535,-0.1723068162064632,Fish,0,1,1,1,1,1,0,0,1,1,Plunging,0,0,1,1,0,0,1,0,7,13,0.5384615384615384
Calonectris borealis,Calonectris_borealis,Procellariiformes,Procellariidae,NA,"Navarro et al., 2023",2020.5,North Atlantic Ocean,Necropsy,535,-0.1723068162064632,Fish,0,1,1,1,1,1,0,0,1,1,Plunging,0,0,1,1,0,0,1,0,40,45,0.8888888888888888
Calonectris borealis,Calonectris_borealis,Procellariiformes,Procellariidae,NA,Ryan 1987,1982,Indian Ocean,Necropsy,535,-0.1723068162064632,Fish,0,1,1,1,1,1,0,0,1,1,Plunging,0,0,1,1,0,0,1,0,3,7,0.42857142857142855
Calonectris borealis,Calonectris_borealis,Procellariiformes,Procellariidae,NA,"Silva, 2022",2021,North Atlantic Ocean,Scat,535,-0.1723068162064632,Fish,0,1,1,1,1,1,0,0,1,1,Plunging,0,0,1,1,0,0,1,0,18,43,0.4186046511627907
Calonectris borealis,Calonectris_borealis,Procellariiformes,Procellariidae,NA,"Vanstreels et al., 2021",2020,South Atlantic Ocean,Necropsy,535,-0.1723068162064632,Fish,0,1,1,1,1,1,0,0,1,1,Plunging,0,0,1,1,0,0,1,0,4,5,0.8
Calonectris borealis,Calonectris_borealis,Procellariiformes,Procellariidae,NA,"do Nascimiento et al., 2023",2014,South Atlantic Ocean,Necropsy,535,-0.1723068162064632,Fish,0,1,1,1,1,1,0,0,1,1,Plunging,0,0,1,1,0,0,1,0,10,82,0.12195121951219512
Calonectris borealis,Calonectris_borealis,Procellariiformes,Procellariidae,NA,"do Nascimiento, 2022",2018,South Atlantic Ocean,Necropsy,535,-0.1723068162064632,Fish,0,1,1,1,1,1,0,0,1,1,Plunging,0,0,1,1,0,0,1,0,6,14,0.42857142857142855
Calonectris edwardsii,Calonectris_edwardsii,Procellariiformes,Procellariidae,1,"Matos et al., 2024a",2022,North Atlantic Ocean,Scat,480,-0.18509138857029728,Fish,0,1,1,1,0,1,0,0,1,1,Skimming,0,0,0,1,1,1,1,0,58,119,0.48739495798319327
Calonectris edwardsii,Calonectris_edwardsii,Procellariiformes,Procellariidae,1,Petry et al. 2002,1997.5,South Pacific Ocean,Necropsy,480,-0.18509138857029728,Fish,0,1,1,1,0,1,0,0,1,1,Skimming,0,0,0,1,1,1,1,0,1,3,0.3333333333333333
Calonectris edwardsii,Calonectris_edwardsii,Procellariiformes,Procellariidae,NA,"Gallo et al., 2024",2019,South Atlantic Ocean,Necropsy,480,-0.18509138857029728,Fish,0,1,1,1,0,1,0,0,1,1,Skimming,0,0,0,1,1,1,1,0,1,1,1
Calonectris edwardsii,Calonectris_edwardsii,Procellariiformes,Procellariidae,NA,"Silva, 2022",2021,North Atlantic Ocean,Scat,480,-0.18509138857029728,Fish,0,1,1,1,0,1,0,0,1,1,Skimming,0,0,0,1,1,1,1,0,45,52,0.8653846153846154
Calonectris leucomelas,Calonectris_leucomelas,Procellariiformes,Procellariidae,1,Robards 1993,1990.5,North Pacific Ocean,Necropsy,580,-0.1618467115451444,Fish,0,1,1,0,0,0,0,0,0,1,Surface.Seizing,0,0,0,1,0,0,1,0,0,2,0
Calonectris leucomelas,Calonectris_leucomelas,Procellariiformes,Procellariidae,NA,"Nam et al., 2021",2012.5,North Pacific Ocean,Necropsy,580,-0.1618467115451444,Fish,0,1,1,0,0,0,0,0,0,1,Surface.Seizing,0,0,0,1,0,0,1,0,0,1,0
Cepphus columba,Cepphus_columba,Charadriiformes,Alcidae,1,Avery-Gomm et al. 2013,2006,North Pacific Ocean,Necropsy,530,-0.17346905005772084,Fish,0,1,1,1,1,0,0,0,0,1,Bottom.Feeding,0,1,1,0,0,0,0,0,0,1,0
Cepphus columba,Cepphus_columba,Charadriiformes,Alcidae,1,Robards et al. 1995,1989,North Pacific Ocean,Necropsy,530,-0.17346905005772084,Fish,0,1,1,1,1,0,0,0,0,1,Bottom.Feeding,0,1,1,0,0,0,0,0,1,43,0.023255813953488372
Cepphus columba,Cepphus_columba,Charadriiformes,Alcidae,NA,Day et al. 1984/Day 1980,1973,North Pacific Ocean,Necropsy,530,-0.17346905005772084,Fish,0,1,1,1,1,0,0,0,0,1,Bottom.Feeding,0,1,1,0,0,0,0,0,0,18,0
Cepphus columba,Cepphus_columba,Charadriiformes,Alcidae,NA,"Padula et al., 2020",2012,North Pacific Ocean,Necropsy,530,-0.17346905005772084,Fish,0,1,1,1,1,0,0,0,0,1,Bottom.Feeding,0,1,1,0,0,0,0,0,0,8,0
Cepphus grylle,Cepphus_grylle,Charadriiformes,Alcidae,1,Acampora et al. 2016,2015,North Atlantic Ocean,Necropsy,452.5,-0.1914836747522143,Fish,0,1,1,1,1,0,0,0,0,1,Bottom.Feeding,0,1,1,0,0,0,0,0,0,1,0
Cepphus grylle,Cepphus_grylle,Charadriiformes,Alcidae,1,"Baak et al., 2024",2021,Arctic Ocean,Necropsy,452.5,-0.1914836747522143,Fish,0,1,1,1,1,0,0,0,0,1,Bottom.Feeding,0,1,1,0,0,0,0,0,0,30,0
Cepphus grylle,Cepphus_grylle,Charadriiformes,Alcidae,1,"Baak et al., 2024",2022,Arctic Ocean,Necropsy,452.5,-0.1914836747522143,Fish,0,1,1,1,1,0,0,0,0,1,Bottom.Feeding,0,1,1,0,0,0,0,0,0,21,0
Cepphus grylle,Cepphus_grylle,Charadriiformes,Alcidae,1,Lydersen et al. 1989,1984,Arctic Ocean,Necropsy,452.5,-0.1914836747522143,Fish,0,1,1,1,1,0,0,0,0,1,Bottom.Feeding,0,1,1,0,0,0,0,0,0,20,0
Cepphus grylle,Cepphus_grylle,Charadriiformes,Alcidae,1,Poon et al. 2017,2013,Arctic Ocean,Necropsy,452.5,-0.1914836747522143,Fish,0,1,1,1,1,0,0,0,0,1,Bottom.Feeding,0,1,1,0,0,0,0,0,0,3,0
Cepphus grylle,Cepphus_grylle,Charadriiformes,Alcidae,NA,"Baak et al., 2020b",2018,North Atlantic Ocean,Necropsy,452.5,-0.1914836747522143,Fish,0,1,1,1,1,0,0,0,0,1,Bottom.Feeding,0,1,1,0,0,0,0,0,0,20,0
Cerorhinca monocerata,Cerorhinca_monocerata,Charadriiformes,Alcidae,1,Avery-Gomm et al. 2013,2008.5,North Pacific Ocean,Necropsy,483,-0.1843940482595427,Fish,0,1,1,1,1,0,0,0,0,1,Diving,0,0,1,0,0,0,0,0,0,22,0
Cerorhinca monocerata,Cerorhinca_monocerata,Charadriiformes,Alcidae,1,Avery-Gomm et al. 2013,2010,North Pacific Ocean,Necropsy,483,-0.1843940482595427,Fish,0,1,1,1,1,0,0,0,0,1,Diving,0,0,1,0,0,0,0,0,0,10,0
Cerorhinca monocerata,Cerorhinca_monocerata,Charadriiformes,Alcidae,1,Blight and Burger 1997,1987,North Pacific Ocean,Necropsy,483,-0.1843940482595427,Fish,0,1,1,1,1,0,0,0,0,1,Diving,0,0,1,0,0,0,0,0,0,5,0
Cerorhinca monocerata,Cerorhinca_monocerata,Charadriiformes,Alcidae,1,Robards 1993,1990.5,North Pacific Ocean,Necropsy,483,-0.1843940482595427,Fish,0,1,1,1,1,0,0,0,0,1,Diving,0,0,1,0,0,0,0,0,4,9,0.4444444444444444
Cerorhinca monocerata,Cerorhinca_monocerata,Charadriiformes,Alcidae,1,Robards et al. 1995,1989,North Pacific Ocean,Necropsy,483,-0.1843940482595427,Fish,0,1,1,1,1,0,0,0,0,1,Diving,0,0,1,0,0,0,0,0,0,1,0
Cerorhinca monocerata,Cerorhinca_monocerata,Charadriiformes,Alcidae,NA,Baltz and Morejohn 1976,1974.5,North Pacific Ocean,Necropsy,483,-0.1843940482595427,Fish,0,1,1,1,1,0,0,0,0,1,Diving,0,0,1,0,0,0,0,0,1,26,0.038461538461538464
Cerorhinca monocerata,Cerorhinca_monocerata,Charadriiformes,Alcidae,NA,Day et al. 1984/Day 1980,1973,North Pacific Ocean,Necropsy,483,-0.1843940482595427,Fish,0,1,1,1,1,0,0,0,0,1,Diving,0,0,1,0,0,0,0,0,0,20,0
Chlidonias niger,Chlidonias_niger,Charadriiformes,Laridae,1,Spear et al. 1995,1987.5,South Pacific Ocean,Necropsy,65.3,-0.28148706419360625,Other.Inverts,1,1,0,0,1,0,0,0,0,0,Surface.Seizing,0,0,0,1,0,0,1,0,0,2,0
Chroicocephalus cirrocephalus,Chroicocephalus_cirrocephalus,Charadriiformes,Laridae,NA,"do Nascimiento et al., 2023",2012,South Atlantic Ocean,Necropsy,460,-0.18974032397532786,Fish,1,1,0,0,1,1,0,1,1,0,Plunging,1,0,0,1,1,0,1,1,0,3,0
Chroicocephalus hartlaubii,Chroicocephalus_hartlaubii,Charadriiformes,Laridae,NA,Ryan 1987,1982,Indian Ocean,Necropsy,292,-0.22879138137758467,Other.Inverts,1,1,0,1,1,1,0,0,1,1,Plunging,0,0,0,1,1,0,1,1,0,13,0
Chroicocephalus novaehollandiae,Chroicocephalus_novaehollandiae,Charadriiformes,Laridae,1,"Gilbert et al., 2016",2011.5,South Pacific Ocean,Necropsy,288.5,-0.22960494507346502,Crustaceans,1,1,1,1,1,1,0,1,1,0,Surface.Seizing,0,0,0,0,1,0,1,1,0,2,0
Chroicocephalus novaehollandiae,Chroicocephalus_novaehollandiae,Charadriiformes,Laridae,1,Roman et al. 2016,2013,South Pacific Ocean,Necropsy,288.5,-0.22960494507346502,Crustaceans,1,1,1,1,1,1,0,1,1,0,Surface.Seizing,0,0,0,0,1,0,1,1,1,12,0.08333333333333333
Chroicocephalus novaehollandiae,Chroicocephalus_novaehollandiae,Charadriiformes,Laridae,NA,"Berr et al., 2020",2016.5,South Pacific Ocean,Necropsy,288.5,-0.22960494507346502,Crustaceans,1,1,1,1,1,1,0,1,1,0,Surface.Seizing,0,0,0,0,1,0,1,1,0,1,0
Chroicocephalus philadelphia,Chroicocephalus_philadelphia,Charadriiformes,Laridae,NA,Day et al. 1984/Day 1980,1973,North Pacific Ocean,Necropsy,211,-0.2476195697679585,Fish,1,1,0,0,1,0,0,0,0,0,Surface.Seizing,0,0,0,1,0,0,1,1,0,4,0
Chroicocephalus ridibundus,Chroicocephalus_ridibundus,Charadriiformes,Laridae,1,Acampora et al. 2016,2015,North Atlantic Ocean,Necropsy,260,-0.2362296780256336,Crustaceans,1,1,0,1,1,0,0,1,1,0,Surface.Seizing,0,0,0,0,1,0,1,1,2,9,0.2222222222222222
Chroicocephalus ridibundus,Chroicocephalus_ridibundus,Charadriiformes,Laridae,1,Hong et al. 2013,2011,North Pacific Ocean,Necropsy,260,-0.2362296780256336,Crustaceans,1,1,0,1,1,0,0,1,1,0,Surface.Seizing,0,0,0,0,1,0,1,1,1,1,1
Chroicocephalus ridibundus,Chroicocephalus_ridibundus,Charadriiformes,Laridae,NA,"Basto et al., 2019",2012,North Atlantic Ocean,Necropsy,260,-0.2362296780256336,Crustaceans,1,1,0,1,1,0,0,1,1,0,Surface.Seizing,0,0,0,0,1,0,1,1,1,4,0.25
Chroicocephalus ridibundus,Chroicocephalus_ridibundus,Charadriiformes,Laridae,NA,"Franco et al., 2019",2017,North Atlantic Ocean,Necropsy,260,-0.2362296780256336,Crustaceans,1,1,0,1,1,0,0,1,1,0,Surface.Seizing,0,0,0,0,1,0,1,1,1,3,0.3333333333333333
Chroicocephalus ridibundus,Chroicocephalus_ridibundus,Charadriiformes,Laridae,NA,"Navarro et al., 2023",2020.5,North Atlantic Ocean,Necropsy,260,-0.2362296780256336,Crustaceans,1,1,0,1,1,0,0,1,1,0,Surface.Seizing,0,0,0,0,1,0,1,1,1,2,0.5
Chroicocephalus ridibundus,Chroicocephalus_ridibundus,Charadriiformes,Laridae,NA,"Toda et al., 1994",1991.5,North Pacific Ocean,Necropsy,260,-0.2362296780256336,Crustaceans,1,1,0,1,1,0,0,1,1,0,Surface.Seizing,0,0,0,0,1,0,1,1,0,6,0
Clangula hyemalis,Clangula_hyemalis,Anseriformes,Anatidae,1,"Morkūnas et al., 2021",2017,North Atlantic Ocean,Necropsy,873,-0.09373980786144649,Crustaceans,0,1,0,1,1,0,0,0,0,0,Bottom.Feeding,0,1,1,0,0,0,0,0,9,180,0.05
Clangula hyemalis,Clangula_hyemalis,Anseriformes,Anatidae,NA,Provencher et al. 2014,1998.5,Arctic Ocean,Necropsy,873,-0.09373980786144649,Crustaceans,0,1,0,1,1,0,0,0,0,0,Bottom.Feeding,0,1,1,0,0,0,0,0,0,27,0
Clangula hyemalis,Clangula_hyemalis,Anseriformes,Anatidae,NA,"Schutten et al., 2024",2021,North Atlantic Ocean,Necropsy,873,-0.09373980786144649,Crustaceans,0,1,0,1,1,0,0,0,0,0,Bottom.Feeding,0,1,1,0,0,0,0,0,0,8,0
Daption capense,Daption_capense,Procellariiformes,Procellariidae,1,Ainley et al. 1990a,1978,Southern Ocean,Necropsy,424.5,-0.1979921843192571,Crustaceans,1,1,1,1,1,1,0,0,1,1,Surface.Seizing,0,0,0,1,1,1,1,0,2,50,0.04
Daption capense,Daption_capense,Procellariiformes,Procellariidae,1,Ainley et al. 1990a,1980,Southern Ocean,Necropsy,424.5,-0.1979921843192571,Crustaceans,1,1,1,1,1,1,0,0,1,1,Surface.Seizing,0,0,0,1,1,1,1,0,2,4,0.5
Daption capense,Daption_capense,Procellariiformes,Procellariidae,1,Ainley et al. 1990a,1985.5,South Pacific Ocean,Necropsy,424.5,-0.1979921843192571,Crustaceans,1,1,1,1,1,1,0,0,1,1,Surface.Seizing,0,0,0,1,1,1,1,0,7,63,0.1111111111111111
Daption capense,Daption_capense,Procellariiformes,Procellariidae,1,Ainley et al. 1990a,1986,Southern Ocean,Necropsy,424.5,-0.1979921843192571,Crustaceans,1,1,1,1,1,1,0,0,1,1,Surface.Seizing,0,0,0,1,1,1,1,0,10,32,0.3125
Daption capense,Daption_capense,Procellariiformes,Procellariidae,1,Ainley et al. 1990a,1986.5,Southern Ocean,Necropsy,424.5,-0.1979921843192571,Crustaceans,1,1,1,1,1,1,0,0,1,1,Surface.Seizing,0,0,0,1,1,1,1,0,1,20,0.05
Daption capense,Daption_capense,Procellariiformes,Procellariidae,1,Ainley et al. 1990a,1987,Southern Ocean,Necropsy,424.5,-0.1979921843192571,Crustaceans,1,1,1,1,1,1,0,0,1,1,Surface.Seizing,0,0,0,1,1,1,1,0,1,20,0.05
Daption capense,Daption_capense,Procellariiformes,Procellariidae,1,Ainley et al. 1990a,1988,South Pacific Ocean,Necropsy,424.5,-0.1979921843192571,Crustaceans,1,1,1,1,1,1,0,0,1,1,Surface.Seizing,0,0,0,1,1,1,1,0,7,63,0.1111111111111111
Daption capense,Daption_capense,Procellariiformes,Procellariidae,1,Ainley et al. 1990b,1986,Southern Ocean,Necropsy,424.5,-0.1979921843192571,Crustaceans,1,1,1,1,1,1,0,0,1,1,Surface.Seizing,0,0,0,1,1,1,1,0,7,8,0.875
Daption capense,Daption_capense,Procellariiformes,Procellariidae,1,Barbieri 2009,2001,South Pacific Ocean,Necropsy,424.5,-0.1979921843192571,Crustaceans,1,1,1,1,1,1,0,0,1,1,Surface.Seizing,0,0,0,1,1,1,1,0,3,4,0.75
Daption capense,Daption_capense,Procellariiformes,Procellariidae,1,Creet et al. 1994,1990.5,Southern Ocean,Lavage,424.5,-0.1979921843192571,Crustaceans,1,1,1,1,1,1,0,0,1,1,Surface.Seizing,0,0,0,1,1,1,1,0,6,18,0.3333333333333333
Daption capense,Daption_capense,Procellariiformes,Procellariidae,1,Fijn et al. 2012,2006,Southern Ocean,Lavage,424.5,-0.1979921843192571,Crustaceans,1,1,1,1,1,1,0,0,1,1,Surface.Seizing,0,0,0,1,1,1,1,0,4,90,0.044444444444444446
Daption capense,Daption_capense,Procellariiformes,Procellariidae,1,Petry et al. 2002,1997.5,South Pacific Ocean,Necropsy,424.5,-0.1979921843192571,Crustaceans,1,1,1,1,1,1,0,0,1,1,Surface.Seizing,0,0,0,1,1,1,1,0,4,10,0.4
Daption capense,Daption_capense,Procellariiformes,Procellariidae,1,Roman et al. 2019,2004,South Pacific Ocean,Necropsy,424.5,-0.1979921843192571,Crustaceans,1,1,1,1,1,1,0,0,1,1,Surface.Seizing,0,0,0,1,1,1,1,0,1,1,1
Daption capense,Daption_capense,Procellariiformes,Procellariidae,1,Roman et al. 2019,2007,South Pacific Ocean,Necropsy,424.5,-0.1979921843192571,Crustaceans,1,1,1,1,1,1,0,0,1,1,Surface.Seizing,0,0,0,1,1,1,1,0,1,1,1
Daption capense,Daption_capense,Procellariiformes,Procellariidae,1,Roman et al. 2019,2012,South Pacific Ocean,Necropsy,424.5,-0.1979921843192571,Crustaceans,1,1,1,1,1,1,0,0,1,1,Surface.Seizing,0,0,0,1,1,1,1,0,0,1,0
Daption capense,Daption_capense,Procellariiformes,Procellariidae,1,Roman et al. 2019,2015,South Pacific Ocean,Necropsy,424.5,-0.1979921843192571,Crustaceans,1,1,1,1,1,1,0,0,1,1,Surface.Seizing,0,0,0,1,1,1,1,0,1,2,0.5
Daption capense,Daption_capense,Procellariiformes,Procellariidae,1,Roman et al. 2019,2016,South Pacific Ocean,Necropsy,424.5,-0.1979921843192571,Crustaceans,1,1,1,1,1,1,0,0,1,1,Surface.Seizing,0,0,0,1,1,1,1,0,0,1,0
Daption capense,Daption_capense,Procellariiformes,Procellariidae,1,Tavares et al. 2017,2012,South Pacific Ocean,Necropsy,424.5,-0.1979921843192571,Crustaceans,1,1,1,1,1,1,0,0,1,1,Surface.Seizing,0,0,0,1,1,1,1,0,1,1,1
Daption capense,Daption_capense,Procellariiformes,Procellariidae,1,Tourinho et al. 2010,2007,South Pacific Ocean,Necropsy,424.5,-0.1979921843192571,Crustaceans,1,1,1,1,1,1,0,0,1,1,Surface.Seizing,0,0,0,1,1,1,1,0,0,1,0
Daption capense,Daption_capense,Procellariiformes,Procellariidae,1,van Franeker and Bell 1988,1985.5,Indian Ocean,Necropsy,424.5,-0.1979921843192571,Crustaceans,1,1,1,1,1,1,0,0,1,1,Surface.Seizing,0,0,0,1,1,1,1,0,10,30,0.3333333333333333
Daption capense,Daption_capense,Procellariiformes,Procellariidae,NA,"Gallo et al., 2024",2019,South Atlantic Ocean,Necropsy,424.5,-0.1979921843192571,Crustaceans,1,1,1,1,1,1,0,0,1,1,Surface.Seizing,0,0,0,1,1,1,1,0,1,3,0.3333333333333333
Daption capense,Daption_capense,Procellariiformes,Procellariidae,NA,Roman et al. 2019,2009,Indian Ocean,Necropsy,424.5,-0.1979921843192571,Crustaceans,1,1,1,1,1,1,0,0,1,1,Surface.Seizing,0,0,0,1,1,1,1,0,0,1,0
Daption capense,Daption_capense,Procellariiformes,Procellariidae,NA,"Roman et al., 2019a",2015,Southern Ocean,Necropsy,424.5,-0.1979921843192571,Crustaceans,1,1,1,1,1,1,0,0,1,1,Surface.Seizing,0,0,0,1,1,1,1,0,3,7,0.42857142857142855
Daption capense,Daption_capense,Procellariiformes,Procellariidae,NA,Ryan 1987,1982,Indian Ocean,Necropsy,424.5,-0.1979921843192571,Crustaceans,1,1,1,1,1,1,0,0,1,1,Surface.Seizing,0,0,0,1,1,1,1,0,15,18,0.8333333333333334
Daption capense,Daption_capense,Procellariiformes,Procellariidae,NA,"do Nascimiento, 2022",2018,South Atlantic Ocean,Necropsy,424.5,-0.1979921843192571,Crustaceans,1,1,1,1,1,1,0,0,1,1,Surface.Seizing,0,0,0,1,1,1,1,0,1,1,1
Diomedea antipodensis,Diomedea_antipodensis,Procellariiformes,Diomedeidae,1,Robertson et al. 2004,1999,South Pacific Ocean,Necropsy,6650,1.2491051838816347,Cephalopods,0,1,1,1,0,0,0,0,0,1,Surface.Seizing,0,0,0,1,0,0,1,0,1,2,0.5
Diomedea antipodensis,Diomedea_antipodensis,Procellariiformes,Diomedeidae,1,Roman et al. 2019,2015,South Pacific Ocean,Necropsy,6650,1.2491051838816347,Cephalopods,0,1,1,1,0,0,0,0,0,1,Surface.Seizing,0,0,0,1,0,0,1,0,0,2,0
Diomedea antipodensis,Diomedea_antipodensis,Procellariiformes,Diomedeidae,1,Roman et al. 2019,2016,South Pacific Ocean,Necropsy,6650,1.2491051838816347,Cephalopods,0,1,1,1,0,0,0,0,0,1,Surface.Seizing,0,0,0,1,0,0,1,0,0,1,0
Diomedea antipodensis,Diomedea_antipodensis,Procellariiformes,Diomedeidae,NA,"Roman et al., 2019a",2015,Southern Ocean,Necropsy,6650,1.2491051838816347,Cephalopods,0,1,1,1,0,0,0,0,0,1,Surface.Seizing,0,0,0,1,0,0,1,0,0,3,0
Diomedea antipodensis,Diomedea_antipodensis,Procellariiformes,Diomedeidae,NA,"Roman et al., 2021",2010.5,South Pacific Ocean,Necropsy,6650,1.2491051838816347,Cephalopods,0,1,1,1,0,0,0,0,0,1,Surface.Seizing,0,0,0,1,0,0,1,0,0,1,0
Diomedea dabbenena,Diomedea_dabbenena,Procellariiformes,Diomedeidae,1,Colabuono et al. 2010,1999.5,South Pacific Ocean,Necropsy,7000,1.3304615534696698,Cephalopods,0,1,1,1,0,1,0,0,1,1,Surface.Seizing,0,0,0,0,1,0,1,0,0,1,0
Diomedea dabbenena,Diomedea_dabbenena,Procellariiformes,Diomedeidae,1,Jiménez et al. 2015,2009,South Pacific Ocean,Necropsy,7000,1.3304615534696698,Cephalopods,0,1,1,1,0,1,0,0,1,1,Surface.Seizing,0,0,0,0,1,0,1,0,2,6,0.3333333333333333
Diomedea dabbenena,Diomedea_dabbenena,Procellariiformes,Diomedeidae,1,Ryan et al. 2016,2010,Indian Ocean,Necropsy,7000,1.3304615534696698,Cephalopods,0,1,1,1,0,1,0,0,1,1,Surface.Seizing,0,0,0,0,1,0,1,0,0,5,0
Diomedea dabbenena,Diomedea_dabbenena,Procellariiformes,Diomedeidae,NA,Furness 1985a,1983,South Pacific Ocean,Necropsy,7000,1.3304615534696698,Cephalopods,0,1,1,1,0,1,0,0,1,1,Surface.Seizing,0,0,0,0,1,0,1,0,0,2,0
Diomedea dabbenena,Diomedea_dabbenena,Procellariiformes,Diomedeidae,NA,"Gallo et al., 2024",2019,South Atlantic Ocean,Necropsy,7000,1.3304615534696698,Cephalopods,0,1,1,1,0,1,0,0,1,1,Surface.Seizing,0,0,0,0,1,0,1,0,0,1,0
Diomedea dabbenena,Diomedea_dabbenena,Procellariiformes,Diomedeidae,NA,"do Nascimiento, 2022",2018,South Atlantic Ocean,Necropsy,7000,1.3304615534696698,Cephalopods,0,1,1,1,0,1,0,0,1,1,Surface.Seizing,0,0,0,0,1,0,1,0,0,1,0
Diomedea epomophora,Diomedea_epomophora,Procellariiformes,Diomedeidae,1,Jiménez et al. 2015,2009,South Pacific Ocean,Necropsy,9000,1.7953550939727272,Cephalopods,0,1,1,1,1,1,0,0,1,1,Surface.Seizing,0,0,0,1,1,0,1,0,4,23,0.17391304347826086
Diomedea epomophora,Diomedea_epomophora,Procellariiformes,Diomedeidae,1,Petry et al. 2002,1997.5,South Pacific Ocean,Necropsy,9000,1.7953550939727272,Cephalopods,0,1,1,1,1,1,0,0,1,1,Surface.Seizing,0,0,0,1,1,0,1,0,1,2,0.5
Diomedea epomophora,Diomedea_epomophora,Procellariiformes,Diomedeidae,1,Roman et al. 2019,2016,Indian Ocean,Necropsy,9000,1.7953550939727272,Cephalopods,0,1,1,1,1,1,0,0,1,1,Surface.Seizing,0,0,0,1,1,0,1,0,0,1,0
Diomedea epomophora,Diomedea_epomophora,Procellariiformes,Diomedeidae,1,Roman et al. 2019,2016,South Pacific Ocean,Necropsy,9000,1.7953550939727272,Cephalopods,0,1,1,1,1,1,0,0,1,1,Surface.Seizing,0,0,0,1,1,0,1,0,0,1,0
Diomedea epomophora,Diomedea_epomophora,Procellariiformes,Diomedeidae,NA,"Gallo et al., 2024",2019,South Atlantic Ocean,Necropsy,9000,1.7953550939727272,Cephalopods,0,1,1,1,1,1,0,0,1,1,Surface.Seizing,0,0,0,1,1,0,1,0,0,2,0
Diomedea epomophora,Diomedea_epomophora,Procellariiformes,Diomedeidae,NA,"Roman et al., 2019a",2015,Southern Ocean,Necropsy,9000,1.7953550939727272,Cephalopods,0,1,1,1,1,1,0,0,1,1,Surface.Seizing,0,0,0,1,1,0,1,0,0,2,0
Diomedea epomophora,Diomedea_epomophora,Procellariiformes,Diomedeidae,NA,"Roman et al., 2021",2010.5,South Pacific Ocean,Necropsy,9000,1.7953550939727272,Cephalopods,0,1,1,1,1,1,0,0,1,1,Surface.Seizing,0,0,0,1,1,0,1,0,1,4,0.25
Diomedea epomophora,Diomedea_epomophora,Procellariiformes,Diomedeidae,NA,"do Nascimiento, 2022",2018,South Atlantic Ocean,Necropsy,9000,1.7953550939727272,Cephalopods,0,1,1,1,1,1,0,0,1,1,Surface.Seizing,0,0,0,1,1,0,1,0,0,1,0
Diomedea exulans,Diomedea_exulans,Procellariiformes,Diomedeidae,1,Colabuono et al. 2010,1999.5,South Pacific Ocean,Necropsy,6300,1.1677488142935997,Cephalopods,0,1,1,1,0,1,0,0,1,1,Surface.Seizing,0,0,0,1,1,0,1,0,0,3,0
Diomedea exulans,Diomedea_exulans,Procellariiformes,Diomedeidae,1,Cooper et al. 1992,1988.5,North Atlantic Ocean,Lavage,6300,1.1677488142935997,Cephalopods,0,1,1,1,0,1,0,0,1,1,Surface.Seizing,0,0,0,1,1,0,1,0,5,50,0.1
Diomedea exulans,Diomedea_exulans,Procellariiformes,Diomedeidae,1,"Gilbert et al., 2016",2011.5,South Pacific Ocean,Necropsy,6300,1.1677488142935997,Cephalopods,0,1,1,1,0,1,0,0,1,1,Surface.Seizing,0,0,0,1,1,0,1,0,0,1,0
Diomedea exulans,Diomedea_exulans,Procellariiformes,Diomedeidae,1,Jiménez et al. 2015,2009,South Pacific Ocean,Necropsy,6300,1.1677488142935997,Cephalopods,0,1,1,1,0,1,0,0,1,1,Surface.Seizing,0,0,0,1,1,0,1,0,0,12,0
Diomedea exulans,Diomedea_exulans,Procellariiformes,Diomedeidae,1,Roman et al. 2016,2013,South Pacific Ocean,Necropsy,6300,1.1677488142935997,Cephalopods,0,1,1,1,0,1,0,0,1,1,Surface.Seizing,0,0,0,1,1,0,1,0,0,1,0
Diomedea exulans,Diomedea_exulans,Procellariiformes,Diomedeidae,1,Roman et al. 2019,2004,South Pacific Ocean,Necropsy,6300,1.1677488142935997,Cephalopods,0,1,1,1,0,1,0,0,1,1,Surface.Seizing,0,0,0,1,1,0,1,0,0,1,0
Diomedea exulans,Diomedea_exulans,Procellariiformes,Diomedeidae,1,Roman et al. 2019,2007,South Pacific Ocean,Necropsy,6300,1.1677488142935997,Cephalopods,0,1,1,1,0,1,0,0,1,1,Surface.Seizing,0,0,0,1,1,0,1,0,0,1,0
Diomedea exulans,Diomedea_exulans,Procellariiformes,Diomedeidae,1,Roman et al. 2019,2013,South Pacific Ocean,Necropsy,6300,1.1677488142935997,Cephalopods,0,1,1,1,0,1,0,0,1,1,Surface.Seizing,0,0,0,1,1,0,1,0,0,1,0
Diomedea exulans,Diomedea_exulans,Procellariiformes,Diomedeidae,1,Roman et al. 2019,2014,Indian Ocean,Necropsy,6300,1.1677488142935997,Cephalopods,0,1,1,1,0,1,0,0,1,1,Surface.Seizing,0,0,0,1,1,0,1,0,0,1,0
Diomedea exulans,Diomedea_exulans,Procellariiformes,Diomedeidae,1,Ryan et al. 2016,2010,Indian Ocean,Necropsy,6300,1.1677488142935997,Cephalopods,0,1,1,1,0,1,0,0,1,1,Surface.Seizing,0,0,0,1,1,0,1,0,0,4,0
Diomedea exulans,Diomedea_exulans,Procellariiformes,Diomedeidae,NA,Day et al. 1984,1973,South Pacific Ocean,Bolus,6300,1.1677488142935997,Cephalopods,0,1,1,1,0,1,0,0,1,1,Surface.Seizing,0,0,0,1,1,0,1,0,0,0,0
Diomedea exulans,Diomedea_exulans,Procellariiformes,Diomedeidae,NA,Huin and Croxall 1996,1993.5,South Pacific Ocean,Necropsy,6300,1.1677488142935997,Cephalopods,0,1,1,1,0,1,0,0,1,1,Surface.Seizing,0,0,0,1,1,0,1,0,0,0,0
Diomedea exulans,Diomedea_exulans,Procellariiformes,Diomedeidae,NA,"Perold et al, 2020",2007,Indian Ocean,Bolus,6300,1.1677488142935997,Cephalopods,0,1,1,1,0,1,0,0,1,1,Surface.Seizing,0,0,0,1,1,0,1,0,466,833,0.5594237695078031
Diomedea exulans,Diomedea_exulans,Procellariiformes,Diomedeidae,NA,Roman et al. 2019,2016,South Pacific Ocean,Necropsy,6300,1.1677488142935997,Cephalopods,0,1,1,1,0,1,0,0,1,1,Surface.Seizing,0,0,0,1,1,0,1,0,0,1,0
Diomedea exulans,Diomedea_exulans,Procellariiformes,Diomedeidae,NA,"Roman et al., 2019a",2015,Southern Ocean,Necropsy,6300,1.1677488142935997,Cephalopods,0,1,1,1,0,1,0,0,1,1,Surface.Seizing,0,0,0,1,1,0,1,0,0,5,0
Diomedea exulans,Diomedea_exulans,Procellariiformes,Diomedeidae,NA,"Roman et al., 2021",2010.5,South Pacific Ocean,Necropsy,6300,1.1677488142935997,Cephalopods,0,1,1,1,0,1,0,0,1,1,Surface.Seizing,0,0,0,1,1,0,1,0,0,7,0
Diomedea exulans,Diomedea_exulans,Procellariiformes,Diomedeidae,NA,Ryan 1987,1982,Indian Ocean,Necropsy,6300,1.1677488142935997,Cephalopods,0,1,1,1,0,1,0,0,1,1,Surface.Seizing,0,0,0,1,1,0,1,0,7,156,0.04487179487179487
Diomedea sanfordi,Diomedea_sanfordi,Procellariiformes,Diomedeidae,1,Jiménez et al. 2015,2009,South Pacific Ocean,Necropsy,6500,1.2142381683439054,Cephalopods,0,1,1,0,0,1,0,0,1,1,Surface.Seizing,0,0,0,1,1,0,1,0,14,36,0.3888888888888889
Diomedea sanfordi,Diomedea_sanfordi,Procellariiformes,Diomedeidae,NA,"Roman et al., 2021",2010.5,South Pacific Ocean,Necropsy,6500,1.2142381683439054,Cephalopods,0,1,1,0,0,1,0,0,1,1,Surface.Seizing,0,0,0,1,1,0,1,0,0,27,0
Eudyptes chrysocome,Eudyptes_chrysocome,Sphenisciformes,Spheniscidae,NA,Ryan 1987,1982,Indian Ocean,Necropsy,2330,0.24493513639503084,Crustaceans,0,1,1,1,0,0,0,0,0,1,Diving,0,0,1,0,0,0,0,0,2,177,0.011299435028248588
Eudyptes chrysolophus,Eudyptes_chrysolophus,Sphenisciformes,Spheniscidae,NA,Ryan 1987,1982,Indian Ocean,Necropsy,4490,0.7470201601383328,Crustaceans,0,1,1,1,0,0,0,0,0,1,Diving,0,0,1,0,0,0,0,0,0,46,0
Eudyptes moseleyi,Eudyptes_moseleyi,Sphenisciformes,Spheniscidae,NA,Furness 1985a,1983,South Pacific Ocean,Necropsy,2330,0.24493513639503084,Crustaceans,0,1,1,1,0,0,0,0,0,1,Diving,0,0,1,0,0,0,0,0,0,12,0
Eudyptula minor,Eudyptula_minor,Sphenisciformes,Spheniscidae,NA,Harrigan 1991,1985,Indian Ocean,Necropsy,1120.5,-0.03620923222419314,Fish,0,1,1,1,0,0,0,0,0,1,Diving,0,0,1,0,0,0,0,0,0,124,0
Fratercula arctica,Fratercula_arctica,Charadriiformes,Alcidae,1,Acampora et al. 2016,2015,North Atlantic Ocean,Necropsy,923,-0.08211746934887006,Fish,0,1,1,1,1,0,0,0,0,1,Diving,0,0,1,0,0,0,0,0,1,3,0.3333333333333333
Fratercula arctica,Fratercula_arctica,Charadriiformes,Alcidae,1,"Benjaminsen et al., 2024",2016,North Atlantic Ocean,Necropsy,923,-0.08211746934887006,Fish,0,1,1,1,1,0,0,0,0,1,Diving,0,0,1,0,0,0,0,0,10,17,0.5882352941176471
Fratercula arctica,Fratercula_arctica,Charadriiformes,Alcidae,1,Harris and Wanless 1994,1980.5,North Atlantic Ocean,Necropsy,923,-0.08211746934887006,Fish,0,1,1,1,1,0,0,0,0,1,Diving,0,0,1,0,0,0,0,0,42,315,0.13333333333333333
Fratercula arctica,Fratercula_arctica,Charadriiformes,Alcidae,1,Lydersen et al. 1989,1984,Arctic Ocean,Necropsy,923,-0.08211746934887006,Fish,0,1,1,1,1,0,0,0,0,1,Diving,0,0,1,0,0,0,0,0,0,14,0
Fratercula arctica,Fratercula_arctica,Charadriiformes,Alcidae,1,Parslow and Jefferies 1972,1970,North Atlantic Ocean,Necropsy,923,-0.08211746934887006,Fish,0,1,1,1,1,0,0,0,0,1,Diving,0,0,1,0,0,0,0,0,1,1,1
Fratercula arctica,Fratercula_arctica,Charadriiformes,Alcidae,1,Provencher et al. 2014,1999,North Atlantic Ocean,Necropsy,923,-0.08211746934887006,Fish,0,1,1,1,1,0,0,0,0,1,Diving,0,0,1,0,0,0,0,0,0,2,0
Fratercula arctica,Fratercula_arctica,Charadriiformes,Alcidae,1,Provencher et al. 2014,2004,North Atlantic Ocean,Necropsy,923,-0.08211746934887006,Fish,0,1,1,1,1,0,0,0,0,1,Diving,0,0,1,0,0,0,0,0,1,16,0.0625
Fratercula arctica,Fratercula_arctica,Charadriiformes,Alcidae,NA,"Benjaminsen, 2021",2016,Arctic Ocean,Necropsy,923,-0.08211746934887006,Fish,0,1,1,1,1,0,0,0,0,1,Diving,0,0,1,0,0,0,0,0,10,17,0.5882352941176471
Fratercula arctica,Fratercula_arctica,Charadriiformes,Alcidae,NA,"Franco et al., 2019",2015,North Atlantic Ocean,Necropsy,923,-0.08211746934887006,Fish,0,1,1,1,1,0,0,0,0,1,Diving,0,0,1,0,0,0,0,0,3,11,0.2727272727272727
Fratercula arctica,Fratercula_arctica,Charadriiformes,Alcidae,NA,Provencher et al. 2014,1987.5,Arctic Ocean,Necropsy,923,-0.08211746934887006,Fish,0,1,1,1,1,0,0,0,0,1,Diving,0,0,1,0,0,0,0,0,0,36,0
Fratercula cirrhata,Fratercula_cirrhata,Charadriiformes,Alcidae,1,Avery-Gomm et al. 2013,2009,North Pacific Ocean,Necropsy,775,-0.11651959134609631,Fish,0,1,1,1,0,0,0,0,0,1,Diving,0,0,1,0,0,0,0,0,0,1,0
Fratercula cirrhata,Fratercula_cirrhata,Charadriiformes,Alcidae,1,Blight and Burger 1997,1987,North Pacific Ocean,Necropsy,775,-0.11651959134609631,Fish,0,1,1,1,0,0,0,0,0,1,Diving,0,0,1,0,0,0,0,0,0,0,0
Fratercula cirrhata,Fratercula_cirrhata,Charadriiformes,Alcidae,1,Robards 1993,1990.5,North Pacific Ocean,Necropsy,775,-0.11651959134609631,Fish,0,1,1,1,0,0,0,0,0,1,Diving,0,0,1,0,0,0,0,0,7,8,0.875
Fratercula cirrhata,Fratercula_cirrhata,Charadriiformes,Alcidae,1,Robards et al. 1995,1989,North Pacific Ocean,Necropsy,775,-0.11651959134609631,Fish,0,1,1,1,0,0,0,0,0,1,Diving,0,0,1,0,0,0,0,0,120,489,0.24539877300613497
Fratercula cirrhata,Fratercula_cirrhata,Charadriiformes,Alcidae,1,Wehle 1982,1975,North Pacific Ocean,Necropsy,775,-0.11651959134609631,Fish,0,1,1,1,0,0,0,0,0,1,Diving,0,0,1,0,0,0,0,0,21,99,0.21212121212121213
Fratercula cirrhata,Fratercula_cirrhata,Charadriiformes,Alcidae,1,Wehle 1982,1976,North Pacific Ocean,Necropsy,775,-0.11651959134609631,Fish,0,1,1,1,0,0,0,0,0,1,Diving,0,0,1,0,0,0,0,0,2,30,0.06666666666666667
Fratercula cirrhata,Fratercula_cirrhata,Charadriiformes,Alcidae,1,Wehle 1982,1977,North Pacific Ocean,Necropsy,775,-0.11651959134609631,Fish,0,1,1,1,0,0,0,0,0,1,Diving,0,0,1,0,0,0,0,0,1,6,0.16666666666666666
Fratercula cirrhata,Fratercula_cirrhata,Charadriiformes,Alcidae,NA,Day et al. 1984/Day 1980,1973,North Pacific Ocean,Necropsy,775,-0.11651959134609631,Fish,0,1,1,1,0,0,0,0,0,1,Diving,0,0,1,0,0,0,0,0,52,348,0.14942528735632185
Fratercula cirrhata,Fratercula_cirrhata,Charadriiformes,Alcidae,NA,"Padula et al., 2020",2012,North Pacific Ocean,Necropsy,775,-0.11651959134609631,Fish,0,1,1,1,0,0,0,0,0,1,Diving,0,0,1,0,0,0,0,0,7,19,0.3684210526315789
Fratercula corniculata,Fratercula_corniculata,Charadriiformes,Alcidae,1,Blight and Burger 1997,1987,North Pacific Ocean,Necropsy,536.5,-0.1719581460510859,Fish,0,1,1,1,1,0,0,0,0,1,Diving,0,0,1,0,0,0,0,0,0,0,0
Fratercula corniculata,Fratercula_corniculata,Charadriiformes,Alcidae,1,Robards 1993,1990.5,North Pacific Ocean,Necropsy,536.5,-0.1719581460510859,Fish,0,1,1,1,1,0,0,0,0,1,Diving,0,0,1,0,0,0,0,0,16,28,0.5714285714285714
Fratercula corniculata,Fratercula_corniculata,Charadriiformes,Alcidae,1,Robards et al. 1995,1989,North Pacific Ocean,Necropsy,536.5,-0.1719581460510859,Fish,0,1,1,1,1,0,0,0,0,1,Diving,0,0,1,0,0,0,0,0,44,120,0.36666666666666664
Fratercula corniculata,Fratercula_corniculata,Charadriiformes,Alcidae,1,Wehle 1982,1975,North Pacific Ocean,Necropsy,536.5,-0.1719581460510859,Fish,0,1,1,1,1,0,0,0,0,1,Diving,0,0,1,0,0,0,0,0,34,73,0.4657534246575342
Fratercula corniculata,Fratercula_corniculata,Charadriiformes,Alcidae,1,Wehle 1982,1976,North Pacific Ocean,Necropsy,536.5,-0.1719581460510859,Fish,0,1,1,1,1,0,0,0,0,1,Diving,0,0,1,0,0,0,0,0,1,14,0.07142857142857142
Fratercula corniculata,Fratercula_corniculata,Charadriiformes,Alcidae,1,Wehle 1982,1977,North Pacific Ocean,Necropsy,536.5,-0.1719581460510859,Fish,0,1,1,1,1,0,0,0,0,1,Diving,0,0,1,0,0,0,0,0,1,6,0.16666666666666666
Fratercula corniculata,Fratercula_corniculata,Charadriiformes,Alcidae,NA,Day et al. 1984/Day 1980,1973,North Pacific Ocean,Necropsy,536.5,-0.1719581460510859,Fish,0,1,1,1,1,0,0,0,0,1,Diving,0,0,1,0,0,0,0,0,55,148,0.3716216216216216
Fratercula corniculata,Fratercula_corniculata,Charadriiformes,Alcidae,NA,"Padula et al., 2020",2012,North Pacific Ocean,Necropsy,536.5,-0.1719581460510859,Fish,0,1,1,1,1,0,0,0,0,1,Diving,0,0,1,0,0,0,0,0,1,3,0.3333333333333333
Fregata ariel,Fregata_ariel,Suliformes,Fregatidae,1,Roman et al. 2016,2013,South Pacific Ocean,Necropsy,806,-0.10931374146829892,Fish,1,1,1,0,0,0,0,0,0,1,Surface.Seizing,1,0,0,0,0,0,1,0,0,1,0
Fregata magnificens,Fregata_magnificens,Suliformes,Fregatidae,1,Tavares et al. 2017,2012,South Pacific Ocean,Necropsy,1499.25,0.05182998200857336,Fish,1,1,1,0,1,1,0,0,1,1,Aerial.Pursuit,1,0,0,0,1,0,1,0,0,7,0
Fregata magnificens,Fregata_magnificens,Suliformes,Fregatidae,1,Tavares et al. 2017,2013,South Pacific Ocean,Necropsy,1499.25,0.05182998200857336,Fish,1,1,1,0,1,1,0,0,1,1,Aerial.Pursuit,1,0,0,0,1,0,1,0,0,3,0
Fregata magnificens,Fregata_magnificens,Suliformes,Fregatidae,NA,"Vanstreels et al., 2021",2020,South Atlantic Ocean,Necropsy,1499.25,0.05182998200857336,Fish,1,1,1,0,1,1,0,0,1,1,Aerial.Pursuit,1,0,0,0,1,0,1,0,0,4,0
Fregata magnificens,Fregata_magnificens,Suliformes,Fregatidae,NA,"do Nascimiento et al., 2023",2014,South Atlantic Ocean,Necropsy,1499.25,0.05182998200857336,Fish,1,1,1,0,1,1,0,0,1,1,Aerial.Pursuit,1,0,0,0,1,0,1,0,1,98,0.01020408163265306
Fregata minor,Fregata_minor,Suliformes,Fregatidae,1,Ainley et al. 1990b,1986,Southern Ocean,Necropsy,1263,-0.003085567463350297,Fish,1,1,1,0,0,0,0,0,0,1,Surface.Seizing,1,0,0,0,0,0,1,0,0,3,0
Fregata minor,Fregata_minor,Suliformes,Fregatidae,1,Rapp et al. 2017,2009.5,North Pacific Ocean,Necropsy,1263,-0.003085567463350297,Fish,1,1,1,0,0,0,0,0,0,1,Surface.Seizing,1,0,0,0,0,0,1,0,15,39,0.38461538461538464
Fregata minor,Fregata_minor,Suliformes,Fregatidae,NA,Day et al. 1984/Harrison et al. 1983,1979.5,North Pacific Ocean,Bolus,1263,-0.003085567463350297,Fish,1,1,1,0,0,0,0,0,0,1,Surface.Seizing,1,0,0,0,0,0,1,0,0,284,0
Fregetta grallaria,Fregetta_grallaria,Procellariiformes,Oceanitidae,1,Ainley et al. 1990b,1986,Southern Ocean,Necropsy,52,-0.28457860623795156,Fish,0,1,1,1,1,0,0,0,0,1,Surface.Seizing,0,0,0,0,0,0,1,0,0,8,0
Fregetta grallaria,Fregetta_grallaria,Procellariiformes,Oceanitidae,1,Spear et al. 1995,1987.5,South Pacific Ocean,Necropsy,52,-0.28457860623795156,Fish,0,1,1,1,1,0,0,0,0,1,Surface.Seizing,0,0,0,0,0,0,1,0,1,18,0.05555555555555555
Fregetta grallaria,Fregetta_grallaria,Procellariiformes,Oceanitidae,NA,Furness 1985a,1983,South Pacific Ocean,Necropsy,52,-0.28457860623795156,Fish,0,1,1,1,1,0,0,0,0,1,Surface.Seizing,0,0,0,0,0,0,1,0,5,13,0.38461538461538464
Fregetta grallaria,Fregetta_grallaria,Procellariiformes,Oceanitidae,NA,Ryan 1987,1982,Indian Ocean,Necropsy,52,-0.28457860623795156,Fish,0,1,1,1,1,0,0,0,0,1,Surface.Seizing,0,0,0,0,0,0,1,0,5,13,0.38461538461538464
Fregetta grallaria,Fregetta_grallaria,Procellariiformes,Oceanitidae,NA,"Ryan, 2008",2004,South Pacific Ocean,Necropsy,52,-0.28457860623795156,Fish,0,1,1,1,1,0,0,0,0,1,Surface.Seizing,0,0,0,0,0,0,1,0,0,95,0
Fregetta tropica,Fregetta_tropica,Procellariiformes,Oceanitidae,1,Ainley et al. 1990a,1985.5,South Pacific Ocean,Necropsy,52,-0.28457860623795156,Crustaceans,1,1,1,1,1,0,0,0,0,1,Surface.Seizing,0,0,0,1,0,0,1,0,0,6,0
Fregetta tropica,Fregetta_tropica,Procellariiformes,Oceanitidae,1,Roman et al. 2019,2015,South Pacific Ocean,Necropsy,52,-0.28457860623795156,Crustaceans,1,1,1,1,1,0,0,0,0,1,Surface.Seizing,0,0,0,1,0,0,1,0,0,1,0
Fregetta tropica,Fregetta_tropica,Procellariiformes,Oceanitidae,NA,"Roman et al., 2019a",2015,Southern Ocean,Necropsy,52,-0.28457860623795156,Crustaceans,1,1,1,1,1,0,0,0,0,1,Surface.Seizing,0,0,0,1,0,0,1,0,0,1,0
Fulmarus glacialis,Fulmarus_glacialis,Procellariiformes,Procellariidae,1,Acampora et al. 2016,2015,North Atlantic Ocean,Necropsy,613,-0.15417596812684395,Fish,1,1,1,1,1,1,0,0,1,1,Surface.Seizing,0,0,1,1,1,0,1,0,13,14,0.9285714285714286
Fulmarus glacialis,Fulmarus_glacialis,Procellariiformes,Procellariidae,1,"Ask, 2019",2017,North Atlantic Ocean,Necropsy,613,-0.15417596812684395,Fish,1,1,1,1,1,1,0,0,1,1,Surface.Seizing,0,0,1,1,1,0,1,0,48,55,0.8727272727272727
Fulmarus glacialis,Fulmarus_glacialis,Procellariiformes,Procellariidae,1,Avery-Gomm et al. 2012,2009.5,North Pacific Ocean,Necropsy,613,-0.15417596812684395,Fish,1,1,1,1,1,1,0,0,1,1,Surface.Seizing,0,0,1,1,1,0,1,0,124,134,0.9253731343283582
Fulmarus glacialis,Fulmarus_glacialis,Procellariiformes,Procellariidae,1,Avery-Gomm et al. 2018,2014,North Atlantic Ocean,Necropsy,613,-0.15417596812684395,Fish,1,1,1,1,1,1,0,0,1,1,Surface.Seizing,0,0,1,1,1,0,1,0,50,78,0.6410256410256411
Fulmarus glacialis,Fulmarus_glacialis,Procellariiformes,Procellariidae,1,Avery-Gomm et al. 2018,2015,North Atlantic Ocean,Necropsy,613,-0.15417596812684395,Fish,1,1,1,1,1,1,0,0,1,1,Surface.Seizing,0,0,1,1,1,0,1,0,60,62,0.967741935483871
Fulmarus glacialis,Fulmarus_glacialis,Procellariiformes,Procellariidae,1,"Baak et al., 2024",2021,Arctic Ocean,Necropsy,613,-0.15417596812684395,Fish,1,1,1,1,1,1,0,0,1,1,Surface.Seizing,0,0,1,1,1,0,1,0,36,58,0.6206896551724138
Fulmarus glacialis,Fulmarus_glacialis,Procellariiformes,Procellariidae,1,"Baak et al., 2024",2022,North Atlantic Ocean,Necropsy,613,-0.15417596812684395,Fish,1,1,1,1,1,1,0,0,1,1,Surface.Seizing,0,0,1,1,1,0,1,0,3,3,1
Fulmarus glacialis,Fulmarus_glacialis,Procellariiformes,Procellariidae,1,Baltz and Morejohn 1976,1974.5,North Pacific Ocean,Necropsy,613,-0.15417596812684395,Fish,1,1,1,1,1,1,0,0,1,1,Surface.Seizing,0,0,1,1,1,0,1,0,3,3,1
Fulmarus glacialis,Fulmarus_glacialis,Procellariiformes,Procellariidae,1,Blight and Burger 1997,1987,North Pacific Ocean,Necropsy,613,-0.15417596812684395,Fish,1,1,1,1,1,1,0,0,1,1,Surface.Seizing,0,0,1,1,1,0,1,0,3,3,1
Fulmarus glacialis,Fulmarus_glacialis,Procellariiformes,Procellariidae,1,Bond et al. 2014,2006.5,North Atlantic Ocean,Necropsy,613,-0.15417596812684395,Fish,1,1,1,1,1,1,0,0,1,1,Surface.Seizing,0,0,1,1,1,0,1,0,164,176,0.9318181818181818
Fulmarus glacialis,Fulmarus_glacialis,Procellariiformes,Procellariidae,1,"Collard et al., 2022b",1997,Arctic Ocean,Necropsy,613,-0.15417596812684395,Fish,1,1,1,1,1,1,0,0,1,1,Surface.Seizing,0,0,1,1,1,0,1,0,39,43,0.9069767441860465
Fulmarus glacialis,Fulmarus_glacialis,Procellariiformes,Procellariidae,1,"Collard et al., 2023",2018,Arctic Ocean,Lavage,613,-0.15417596812684395,Fish,1,1,1,1,1,1,0,0,1,1,Surface.Seizing,0,0,1,1,1,0,1,0,2,10,0.2
Fulmarus glacialis,Fulmarus_glacialis,Procellariiformes,Procellariidae,1,"Collard et al., 2023",2019,Arctic Ocean,Lavage,613,-0.15417596812684395,Fish,1,1,1,1,1,1,0,0,1,1,Surface.Seizing,0,0,1,1,1,0,1,0,1,12,0.08333333333333333
Fulmarus glacialis,Fulmarus_glacialis,Procellariiformes,Procellariidae,1,Day 1980,1973,North Pacific Ocean,Necropsy,613,-0.15417596812684395,Fish,1,1,1,1,1,1,0,0,1,1,Surface.Seizing,0,0,1,1,1,0,1,0,55,114,0.4824561403508772
Fulmarus glacialis,Fulmarus_glacialis,Procellariiformes,Procellariidae,1,Day et al. 1984,1978.5,Arctic Ocean,Necropsy,613,-0.15417596812684395,Fish,1,1,1,1,1,1,0,0,1,1,Surface.Seizing,0,0,1,1,1,0,1,0,86,214,0.40186915887850466
Fulmarus glacialis,Fulmarus_glacialis,Procellariiformes,Procellariidae,1,Donnelly-Greenan et al. 2014,2003,North Pacific Ocean,Necropsy,613,-0.15417596812684395,Fish,1,1,1,1,1,1,0,0,1,1,Surface.Seizing,0,0,1,1,1,0,1,0,134,178,0.7528089887640449
Fulmarus glacialis,Fulmarus_glacialis,Procellariiformes,Procellariidae,1,Donnelly-Greenan et al. 2014,2007,North Pacific Ocean,Necropsy,613,-0.15417596812684395,Fish,1,1,1,1,1,1,0,0,1,1,Surface.Seizing,0,0,1,1,1,0,1,0,181,185,0.9783783783783784
Fulmarus glacialis,Fulmarus_glacialis,Procellariiformes,Procellariidae,1,"Fackelman et al., 2023",2018,North Atlantic Ocean,Necropsy,613,-0.15417596812684395,Fish,1,1,1,1,1,1,0,0,1,1,Surface.Seizing,0,0,1,1,1,0,1,0,20,27,0.7407407407407407
Fulmarus glacialis,Fulmarus_glacialis,Procellariiformes,Procellariidae,1,Furness 1985b,1983,North Atlantic Ocean,Necropsy,613,-0.15417596812684395,Fish,1,1,1,1,1,1,0,0,1,1,Surface.Seizing,0,0,1,1,1,0,1,0,16,21,0.7619047619047619
Fulmarus glacialis,Fulmarus_glacialis,Procellariiformes,Procellariidae,1,Herzke et al. 2016,2012.5,North Atlantic Ocean,Necropsy,613,-0.15417596812684395,Fish,1,1,1,1,1,1,0,0,1,1,Surface.Seizing,0,0,1,1,1,0,1,0,61,75,0.8133333333333334
Fulmarus glacialis,Fulmarus_glacialis,Procellariiformes,Procellariidae,1,Kuhn and van Franeker 2012,2011,Arctic Ocean,Necropsy,613,-0.15417596812684395,Fish,1,1,1,1,1,1,0,0,1,1,Surface.Seizing,0,0,1,1,1,0,1,0,86,107,0.8037383177570093
Fulmarus glacialis,Fulmarus_glacialis,Procellariiformes,Procellariidae,1,Lydersen et al. 1989,1984,Arctic Ocean,Necropsy,613,-0.15417596812684395,Fish,1,1,1,1,1,1,0,0,1,1,Surface.Seizing,0,0,1,1,1,0,1,0,3,20,0.15
Fulmarus glacialis,Fulmarus_glacialis,Procellariiformes,Procellariidae,1,Mallory 2008,2004,Arctic Ocean,Necropsy,613,-0.15417596812684395,Fish,1,1,1,1,1,1,0,0,1,1,Surface.Seizing,0,0,1,1,1,0,1,0,32,102,0.3137254901960784
Fulmarus glacialis,Fulmarus_glacialis,Procellariiformes,Procellariidae,1,Mallory et al. 2006,2002,Arctic Ocean,Necropsy,613,-0.15417596812684395,Fish,1,1,1,1,1,1,0,0,1,1,Surface.Seizing,0,0,1,1,1,0,1,0,15,42,0.35714285714285715
Fulmarus glacialis,Fulmarus_glacialis,Procellariiformes,Procellariidae,1,Moser and Lee 1992,1982,North Atlantic Ocean,Necropsy,613,-0.15417596812684395,Fish,1,1,1,1,1,1,0,0,1,1,Surface.Seizing,0,0,1,1,1,0,1,0,38,44,0.8636363636363636
Fulmarus glacialis,Fulmarus_glacialis,Procellariiformes,Procellariidae,1,"Neumann et al., 2021",2013,Arctic Ocean,Necropsy,613,-0.15417596812684395,Fish,1,1,1,1,1,1,0,0,1,1,Surface.Seizing,0,0,1,1,1,0,1,0,1,1,1
Fulmarus glacialis,Fulmarus_glacialis,Procellariiformes,Procellariidae,1,"Neumann et al., 2021",2015,Arctic Ocean,Necropsy,613,-0.15417596812684395,Fish,1,1,1,1,1,1,0,0,1,1,Surface.Seizing,0,0,1,1,1,0,1,0,3,3,1
Fulmarus glacialis,Fulmarus_glacialis,Procellariiformes,Procellariidae,1,"Neumann et al., 2021",2016,Arctic Ocean,Necropsy,613,-0.15417596812684395,Fish,1,1,1,1,1,1,0,0,1,1,Surface.Seizing,0,0,1,1,1,0,1,0,7,11,0.6363636363636364
Fulmarus glacialis,Fulmarus_glacialis,Procellariiformes,Procellariidae,1,Nevins et al. 2005,2003.5,North Pacific Ocean,Necropsy,613,-0.15417596812684395,Fish,1,1,1,1,1,1,0,0,1,1,Surface.Seizing,0,0,1,1,1,0,1,0,135,190,0.7105263157894737
Fulmarus glacialis,Fulmarus_glacialis,Procellariiformes,Procellariidae,1,Poon et al. 2017,2008,Arctic Ocean,Necropsy,613,-0.15417596812684395,Fish,1,1,1,1,1,1,0,0,1,1,Surface.Seizing,0,0,1,1,1,0,1,0,8,10,0.8
Fulmarus glacialis,Fulmarus_glacialis,Procellariiformes,Procellariidae,1,Poon et al. 2017,2013,Arctic Ocean,Necropsy,613,-0.15417596812684395,Fish,1,1,1,1,1,1,0,0,1,1,Surface.Seizing,0,0,1,1,1,0,1,0,8,9,0.8888888888888888
Fulmarus glacialis,Fulmarus_glacialis,Procellariiformes,Procellariidae,1,Provencher et al. 2009,2008,Arctic Ocean,Necropsy,613,-0.15417596812684395,Fish,1,1,1,1,1,1,0,0,1,1,Surface.Seizing,0,0,1,1,1,0,1,0,21,25,0.84
Fulmarus glacialis,Fulmarus_glacialis,Procellariiformes,Procellariidae,1,Provencher et al. 2018,2015,North Atlantic Ocean,Necropsy,613,-0.15417596812684395,Fish,1,1,1,1,1,1,0,0,1,1,Surface.Seizing,0,0,1,1,1,0,1,0,14,30,0.4666666666666667
Fulmarus glacialis,Fulmarus_glacialis,Procellariiformes,Procellariidae,1,Robards 1993,1990.5,North Pacific Ocean,Necropsy,613,-0.15417596812684395,Fish,1,1,1,1,1,1,0,0,1,1,Surface.Seizing,0,0,1,1,1,0,1,0,36,42,0.8571428571428571
Fulmarus glacialis,Fulmarus_glacialis,Procellariiformes,Procellariidae,1,"Shugart and Nania, 2021",2014.5,North Pacific Ocean,Necropsy,613,-0.15417596812684395,Fish,1,1,1,1,1,1,0,0,1,1,Surface.Seizing,0,0,1,1,1,0,1,0,42,54,0.7777777777777778
Fulmarus glacialis,Fulmarus_glacialis,Procellariiformes,Procellariidae,1,"Tanaka et al., 2019",2010,North Atlantic Ocean,Necropsy,613,-0.15417596812684395,Fish,1,1,1,1,1,1,0,0,1,1,Surface.Seizing,0,0,1,1,1,0,1,0,100,100,1
Fulmarus glacialis,Fulmarus_glacialis,Procellariiformes,Procellariidae,1,Terepocki et al. 2017,2010.5,North Pacific Ocean,Necropsy,613,-0.15417596812684395,Fish,1,1,1,1,1,1,0,0,1,1,Surface.Seizing,0,0,1,1,1,0,1,0,126,141,0.8936170212765957
Fulmarus glacialis,Fulmarus_glacialis,Procellariiformes,Procellariidae,1,Trevail et al. 2015,2013,Arctic Ocean,Necropsy,613,-0.15417596812684395,Fish,1,1,1,1,1,1,0,0,1,1,Surface.Seizing,0,0,1,1,1,0,1,0,35,40,0.875
Fulmarus glacialis,Fulmarus_glacialis,Procellariiformes,Procellariidae,1,"Tulatz et al., 2023",2020,Arctic Ocean,Necropsy,613,-0.15417596812684395,Fish,1,1,1,1,1,1,0,0,1,1,Surface.Seizing,0,0,1,1,1,0,1,0,37,39,0.9487179487179487
Fulmarus glacialis,Fulmarus_glacialis,Procellariiformes,Procellariidae,1,van Franeker and The SNS Fulmar Study Group 2013,2009,North Atlantic Ocean,Necropsy,613,-0.15417596812684395,Fish,1,1,1,1,1,1,0,0,1,1,Surface.Seizing,0,0,1,1,1,0,1,0,636,699,0.9098712446351931
Fulmarus glacialis,Fulmarus_glacialis,Procellariiformes,Procellariidae,1,van Franeker et al. 2011,2005,North Atlantic Ocean,Necropsy,613,-0.15417596812684395,Fish,1,1,1,1,1,1,0,0,1,1,Surface.Seizing,0,0,1,1,1,0,1,0,1223,1295,0.9444015444015444
Fulmarus glacialis,Fulmarus_glacialis,Procellariiformes,Procellariidae,1,"van Franeker et al., 2022",2015,North Atlantic Ocean,Necropsy,613,-0.15417596812684395,Fish,1,1,1,1,1,1,0,0,1,1,Surface.Seizing,0,0,1,1,1,0,1,0,19,20,0.95
Fulmarus glacialis,Fulmarus_glacialis,Procellariiformes,Procellariidae,NA,"Ask, 2019",2013.5,North Atlantic Ocean,Necropsy,613,-0.15417596812684395,Fish,1,1,1,1,1,1,0,0,1,1,Surface.Seizing,0,0,1,1,1,0,1,0,36,40,0.9
Fulmarus glacialis,Fulmarus_glacialis,Procellariiformes,Procellariidae,NA,"Ask, 2019",2017,Arctic Ocean,Necropsy,613,-0.15417596812684395,Fish,1,1,1,1,1,1,0,0,1,1,Surface.Seizing,0,0,1,1,1,0,1,0,28,31,0.9032258064516129
Fulmarus glacialis,Fulmarus_glacialis,Procellariiformes,Procellariidae,NA,"Bourdages, 2020",2018,North Pacific Ocean,Scat,613,-0.15417596812684395,Fish,1,1,1,1,1,1,0,0,1,1,Surface.Seizing,0,0,1,1,1,0,1,0,25,29,0.8620689655172413
Fulmarus glacialis,Fulmarus_glacialis,Procellariiformes,Procellariidae,NA,"Franco et al., 2019",2015,North Atlantic Ocean,Necropsy,613,-0.15417596812684395,Fish,1,1,1,1,1,1,0,0,1,1,Surface.Seizing,0,0,1,1,1,0,1,0,2,2,1
Fulmarus glacialis,Fulmarus_glacialis,Procellariiformes,Procellariidae,NA,"Kühn et al., 2021b",2020,North Atlantic Ocean,Necropsy,613,-0.15417596812684395,Fish,1,1,1,1,1,1,0,0,1,1,Surface.Seizing,0,0,1,1,1,0,1,0,13,14,0.9285714285714286
Fulmarus glacialis,Fulmarus_glacialis,Procellariiformes,Procellariidae,NA,"Kühn et al., 2022",2022,North Atlantic Ocean,Necropsy,613,-0.15417596812684395,Fish,1,1,1,1,1,1,0,0,1,1,Surface.Seizing,0,0,1,1,1,0,1,0,62,66,0.9393939393939394
Fulmarus glacialis,Fulmarus_glacialis,Procellariiformes,Procellariidae,NA,"Kühn et al., 2023",2016,North Atlantic Ocean,Necropsy,613,-0.15417596812684395,Fish,1,1,1,1,1,1,0,0,1,1,Surface.Seizing,0,0,1,1,1,0,1,0,361,393,0.9185750636132316
Fulmarus glacialis,Fulmarus_glacialis,Procellariiformes,Procellariidae,NA,"Padula et al., 2020",2012,North Pacific Ocean,Necropsy,613,-0.15417596812684395,Fish,1,1,1,1,1,1,0,0,1,1,Surface.Seizing,0,0,1,1,1,0,1,0,4,4,1
Fulmarus glacialis,Fulmarus_glacialis,Procellariiformes,Procellariidae,NA,Provencher et al. 2014,1997,North Atlantic Ocean,Necropsy,613,-0.15417596812684395,Fish,1,1,1,1,1,1,0,0,1,1,Surface.Seizing,0,0,1,1,1,0,1,0,18,35,0.5142857142857142
Fulmarus glacialis,Fulmarus_glacialis,Procellariiformes,Procellariidae,NA,"Strand & Linnebjerg, 2023",2020,Arctic Ocean,Necropsy,613,-0.15417596812684395,Fish,1,1,1,1,1,1,0,0,1,1,Surface.Seizing,0,0,1,1,1,0,1,0,40,40,1
Fulmarus glacialis,Fulmarus_glacialis,Procellariiformes,Procellariidae,NA,"Strand & Linnebjerg, 2023",2022,Arctic Ocean,Necropsy,613,-0.15417596812684395,Fish,1,1,1,1,1,1,0,0,1,1,Surface.Seizing,0,0,1,1,1,0,1,0,37,40,0.925
Fulmarus glacialis,Fulmarus_glacialis,Procellariiformes,Procellariidae,NA,van Franeker 1983,1981.5,North Atlantic Ocean,Necropsy,613,-0.15417596812684395,Fish,1,1,1,1,1,1,0,0,1,1,Surface.Seizing,0,0,1,1,1,0,1,0,70,88,0.7954545454545454
Fulmarus glacialis,Fulmarus_glacialis,Procellariiformes,Procellariidae,NA,van Franeker and Camphuysen 1984,1983,Arctic Ocean,Necropsy,613,-0.15417596812684395,Fish,1,1,1,1,1,1,0,0,1,1,Surface.Seizing,0,0,1,1,1,0,1,0,22,29,0.7586206896551724
Fulmarus glacialis,Fulmarus_glacialis,Procellariiformes,Procellariidae,NA,"van Franeker et al., 2022",2015,North Atlantic Ocean,Necropsy,613,-0.15417596812684395,Fish,1,1,1,1,1,1,0,0,1,1,Surface.Seizing,0,0,1,1,1,0,1,0,106,125,0.848
Fulmarus glacialis,Fulmarus_glacialis,Procellariiformes,Procellariidae,NA,"van Franeker et al., 2024",2019,North Atlantic Ocean,Necropsy,613,-0.15417596812684395,Fish,1,1,1,1,1,1,0,0,1,1,Surface.Seizing,0,0,1,1,1,0,1,0,42,44,0.9545454545454546
Fulmarus glacialoides,Fulmarus_glacialoides,Procellariiformes,Procellariidae,1,Ainley et al. 1990a,1978,Southern Ocean,Necropsy,795,-0.11187065594106574,Crustaceans,1,1,1,1,1,1,0,0,1,1,Surface.Seizing,0,0,0,1,1,0,1,0,0,13,0
Fulmarus glacialoides,Fulmarus_glacialoides,Procellariiformes,Procellariidae,1,Ainley et al. 1990a,1985.5,South Pacific Ocean,Necropsy,795,-0.11187065594106574,Crustaceans,1,1,1,1,1,1,0,0,1,1,Surface.Seizing,0,0,0,1,1,0,1,0,1,49,0.02040816326530612
Fulmarus glacialoides,Fulmarus_glacialoides,Procellariiformes,Procellariidae,1,Ainley et al. 1990a,1986,Southern Ocean,Necropsy,795,-0.11187065594106574,Crustaceans,1,1,1,1,1,1,0,0,1,1,Surface.Seizing,0,0,0,1,1,0,1,0,1,18,0.05555555555555555
Fulmarus glacialoides,Fulmarus_glacialoides,Procellariiformes,Procellariidae,1,Ainley et al. 1990a,1986.5,Southern Ocean,Necropsy,795,-0.11187065594106574,Crustaceans,1,1,1,1,1,1,0,0,1,1,Surface.Seizing,0,0,0,1,1,0,1,0,0,4,0
Fulmarus glacialoides,Fulmarus_glacialoides,Procellariiformes,Procellariidae,1,Ainley et al. 1990a,1988,South Pacific Ocean,Necropsy,795,-0.11187065594106574,Crustaceans,1,1,1,1,1,1,0,0,1,1,Surface.Seizing,0,0,0,1,1,0,1,0,1,49,0.02040816326530612
Fulmarus glacialoides,Fulmarus_glacialoides,Procellariiformes,Procellariidae,1,Ainley et al. 1990a,1988,Southern Ocean,Necropsy,795,-0.11187065594106574,Crustaceans,1,1,1,1,1,1,0,0,1,1,Surface.Seizing,0,0,0,1,1,0,1,0,1,18,0.05555555555555555
Fulmarus glacialoides,Fulmarus_glacialoides,Procellariiformes,Procellariidae,1,Barbieri 2009,2001,South Pacific Ocean,Necropsy,795,-0.11187065594106574,Crustaceans,1,1,1,1,1,1,0,0,1,1,Surface.Seizing,0,0,0,1,1,0,1,0,1,3,0.3333333333333333
Fulmarus glacialoides,Fulmarus_glacialoides,Procellariiformes,Procellariidae,1,Colabuono et al. 2009,2005,South Pacific Ocean,Necropsy,795,-0.11187065594106574,Crustaceans,1,1,1,1,1,1,0,0,1,1,Surface.Seizing,0,0,0,1,1,0,1,0,7,9,0.7777777777777778
Fulmarus glacialoides,Fulmarus_glacialoides,Procellariiformes,Procellariidae,1,Petry et al. 2002,1997.5,South Pacific Ocean,Necropsy,795,-0.11187065594106574,Crustaceans,1,1,1,1,1,1,0,0,1,1,Surface.Seizing,0,0,0,1,1,0,1,0,25,49,0.5102040816326531
Fulmarus glacialoides,Fulmarus_glacialoides,Procellariiformes,Procellariidae,1,Roman et al. 2019,2015,Indian Ocean,Necropsy,795,-0.11187065594106574,Crustaceans,1,1,1,1,1,1,0,0,1,1,Surface.Seizing,0,0,0,1,1,0,1,0,0,1,0
Fulmarus glacialoides,Fulmarus_glacialoides,Procellariiformes,Procellariidae,1,Roman et al. 2019,2015,South Pacific Ocean,Necropsy,795,-0.11187065594106574,Crustaceans,1,1,1,1,1,1,0,0,1,1,Surface.Seizing,0,0,0,1,1,0,1,0,1,1,1
Fulmarus glacialoides,Fulmarus_glacialoides,Procellariiformes,Procellariidae,1,Roman et al. 2019,2016,South Pacific Ocean,Necropsy,795,-0.11187065594106574,Crustaceans,1,1,1,1,1,1,0,0,1,1,Surface.Seizing,0,0,0,1,1,0,1,0,1,1,1
Fulmarus glacialoides,Fulmarus_glacialoides,Procellariiformes,Procellariidae,1,Tourinho et al. 2010,2007,South Pacific Ocean,Necropsy,795,-0.11187065594106574,Crustaceans,1,1,1,1,1,1,0,0,1,1,Surface.Seizing,0,0,0,1,1,0,1,0,0,1,0
Fulmarus glacialoides,Fulmarus_glacialoides,Procellariiformes,Procellariidae,1,van Franeker and Bell 1988,1985.5,Indian Ocean,Necropsy,795,-0.11187065594106574,Crustaceans,1,1,1,1,1,1,0,0,1,1,Surface.Seizing,0,0,0,1,1,0,1,0,2,27,0.07407407407407407
Fulmarus glacialoides,Fulmarus_glacialoides,Procellariiformes,Procellariidae,NA,"Gallo et al., 2024",2019,South Atlantic Ocean,Necropsy,795,-0.11187065594106574,Crustaceans,1,1,1,1,1,1,0,0,1,1,Surface.Seizing,0,0,0,1,1,0,1,0,1,3,0.3333333333333333
Fulmarus glacialoides,Fulmarus_glacialoides,Procellariiformes,Procellariidae,NA,"Roman et al., 2019a",2015,Southern Ocean,Necropsy,795,-0.11187065594106574,Crustaceans,1,1,1,1,1,1,0,0,1,1,Surface.Seizing,0,0,0,1,1,0,1,0,3,4,0.75
Fulmarus glacialoides,Fulmarus_glacialoides,Procellariiformes,Procellariidae,NA,"do Nascimiento, 2022",2018,South Atlantic Ocean,Necropsy,795,-0.11187065594106574,Crustaceans,1,1,1,1,1,1,0,0,1,1,Surface.Seizing,0,0,0,1,1,0,1,0,2,3,0.6666666666666666
Garrodia nereis,Garrodia_nereis,Procellariiformes,Oceanitidae,NA,Furness 1985a,1983,South Pacific Ocean,Necropsy,38.2,-0.28778637166742266,Crustaceans,0,0,1,1,1,1,0,0,1,1,Surface.Seizing,0,0,0,1,0,0,1,0,3,11,0.2727272727272727
Garrodia nereis,Garrodia_nereis,Procellariiformes,Oceanitidae,NA,Ryan 1987,1982,Indian Ocean,Necropsy,38.2,-0.28778637166742266,Crustaceans,0,0,1,1,1,1,0,0,1,1,Surface.Seizing,0,0,0,1,0,0,1,0,4,12,0.3333333333333333
Gavia arctica,Gavia_arctica,Gaviiformes,Gaviidae,NA,"Nam et al., 2021",2012.5,North Pacific Ocean,Necropsy,3079.5,0.4191539906985516,Fish,0,1,0,1,1,0,0,0,0,0,Diving,0,1,1,0,0,0,0,0,0,6,0
Gavia immer,Gavia_immer,Gaviiformes,Gaviidae,1,Avery-Gomm et al. 2013,2010,North Pacific Ocean,Necropsy,4980,0.8609190775615819,Fish,1,1,0,1,1,0,0,0,0,0,Diving,0,1,1,0,0,0,0,0,0,2,0
Gavia immer,Gavia_immer,Gaviiformes,Gaviidae,NA,"Schutten et al., 2024",2021,North Atlantic Ocean,Necropsy,4980,0.8609190775615819,Fish,1,1,0,1,1,0,0,0,0,0,Diving,0,1,1,0,0,0,0,0,1,10,0.1
Gavia pacifica,Gavia_pacifica,Gaviiformes,Gaviidae,1,Avery-Gomm et al. 2013,2010,North Pacific Ocean,Necropsy,1668.5,0.0911715978736446,Fish,1,1,0,1,1,0,0,0,0,0,Diving,0,1,1,0,0,0,0,0,0,2,0
Gavia pacifica,Gavia_pacifica,Gaviiformes,Gaviidae,NA,"Nam et al., 2021",2012.5,North Pacific Ocean,Necropsy,1668.5,0.0911715978736446,Fish,1,1,0,1,1,0,0,0,0,0,Diving,0,1,1,0,0,0,0,0,2,20,0.1
Gavia stellata,Gavia_stellata,Gaviiformes,Gaviidae,1,Avery-Gomm et al. 2013,2008,North Pacific Ocean,Necropsy,1486,0.04875006230274061,Fish,1,1,0,1,1,0,0,0,0,0,Diving,0,1,1,0,0,0,0,0,0,2,0
Gavia stellata,Gavia_stellata,Gaviiformes,Gaviidae,1,"Morkūnas et al., 2021",2017,North Atlantic Ocean,Necropsy,1486,0.04875006230274061,Fish,1,1,0,1,1,0,0,0,0,0,Diving,0,1,1,0,0,0,0,0,1,22,0.045454545454545456
Gavia stellata,Gavia_stellata,Gaviiformes,Gaviidae,NA,"Basto et al., 2019",2012,North Atlantic Ocean,Necropsy,1486,0.04875006230274061,Fish,1,1,0,1,1,0,0,0,0,0,Diving,0,1,1,0,0,0,0,0,0,1,0
Gavia stellata,Gavia_stellata,Gaviiformes,Gaviidae,NA,"Nam et al., 2021",2012.5,North Pacific Ocean,Necropsy,1486,0.04875006230274061,Fish,1,1,0,1,1,0,0,0,0,0,Diving,0,1,1,0,0,0,0,0,0,5,0
Gavia stellata,Gavia_stellata,Gaviiformes,Gaviidae,NA,"Schutten et al., 2024",2021,North Atlantic Ocean,Necropsy,1486,0.04875006230274061,Fish,1,1,0,1,1,0,0,0,0,0,Diving,0,1,1,0,0,0,0,0,0,1,0
Gulosus aristotelis,Gulosus_aristotelis,Suliformes,Phalacrocoracidae,1,Acampora et al. 2016,2015,North Atlantic Ocean,Necropsy,1773,0.11546228536492935,Fish,0,1,0,0,0,0,0,0,0,1,Diving,0,0,1,0,0,0,0,0,1,10,0.1
Gulosus aristotelis,Gulosus_aristotelis,Suliformes,Phalacrocoracidae,1,"Benjaminsen et al., 2024",2012,Arctic Ocean,Necropsy,1773,0.11546228536492935,Fish,0,1,0,0,0,0,0,0,0,1,Diving,0,0,1,0,0,0,0,0,0,8,0
Gulosus aristotelis,Gulosus_aristotelis,Suliformes,Phalacrocoracidae,1,"Benjaminsen, 2021",2012,Arctic Ocean,Necropsy,1773,0.11546228536492935,Fish,0,1,0,0,0,0,0,0,0,1,Diving,0,0,1,0,0,0,0,0,0,8,0
Gulosus aristotelis,Gulosus_aristotelis,Suliformes,Phalacrocoracidae,NA,"Benjaminsen et al., 2024",2012,Arctic Ocean,Necropsy,1773,0.11546228536492935,Fish,0,1,0,0,0,0,0,0,0,1,Diving,0,0,1,0,0,0,0,0,0,1,0
Gulosus aristotelis,Gulosus_aristotelis,Suliformes,Phalacrocoracidae,NA,"Buchholz, 2023",2022,North Atlantic Ocean,Bolus,1773,0.11546228536492935,Fish,0,1,0,0,0,0,0,0,0,1,Diving,0,0,1,0,0,0,0,0,4,10,0.4
Gulosus aristotelis,Gulosus_aristotelis,Suliformes,Phalacrocoracidae,NA,"Franco et al., 2019",2017,North Atlantic Ocean,Necropsy,1773,0.11546228536492935,Fish,0,1,0,0,0,0,0,0,0,1,Diving,0,0,1,0,0,0,0,0,0,1,0
Gulosus aristotelis,Gulosus_aristotelis,Suliformes,Phalacrocoracidae,NA,Álvarez et al. 2018,2017,North Atlantic Ocean,Regurgitation,1773,0.11546228536492935,Fish,0,1,0,0,0,0,0,0,0,1,Diving,0,0,1,0,0,0,0,0,26,41,0.6341463414634146
Gygis alba,Gygis_alba,Charadriiformes,Laridae,1,Rapp et al. 2017,2009.5,North Pacific Ocean,Necropsy,111,-0.2708642467931114,Fish,0,1,1,1,1,0,0,0,0,1,Surface.Seizing,0,0,0,0,0,0,1,0,0,7,0
Gygis alba,Gygis_alba,Charadriiformes,Laridae,NA,Rapp et al. 2017,2009.5,North Pacific Ocean,Necropsy,111,-0.2708642467931114,Fish,0,1,1,1,1,0,0,0,0,1,Surface.Seizing,0,0,0,0,0,0,1,0,0,1,0
Halobaena caerulea,Halobaena_caerulea,Procellariiformes,Procellariidae,1,Ainley et al. 1990a,1985.5,South Pacific Ocean,Necropsy,202,-0.24971159070022225,Crustaceans,0,1,1,1,1,0,0,0,0,1,Surface.Seizing,0,0,0,1,0,0,1,0,20,45,0.4444444444444444
Halobaena caerulea,Halobaena_caerulea,Procellariiformes,Procellariidae,1,Ainley et al. 1990a,1986,Southern Ocean,Necropsy,202,-0.24971159070022225,Crustaceans,0,1,1,1,1,0,0,0,0,1,Surface.Seizing,0,0,0,1,0,0,1,0,15,17,0.8823529411764706
Halobaena caerulea,Halobaena_caerulea,Procellariiformes,Procellariidae,1,Reed 1981,1981,South Pacific Ocean,Necropsy,202,-0.24971159070022225,Crustaceans,0,1,1,1,1,0,0,0,0,1,Surface.Seizing,0,0,0,1,0,0,1,0,27,27,1
Halobaena caerulea,Halobaena_caerulea,Procellariiformes,Procellariidae,NA,Brown et al. 1986,1984,Indian Ocean,Necropsy,202,-0.24971159070022225,Crustaceans,0,1,1,1,1,0,0,0,0,1,Surface.Seizing,0,0,0,1,0,0,1,0,0,0,0
Halobaena caerulea,Halobaena_caerulea,Procellariiformes,Procellariidae,NA,Roman et al. 2019,2016,South Pacific Ocean,Necropsy,202,-0.24971159070022225,Crustaceans,0,1,1,1,1,0,0,0,0,1,Surface.Seizing,0,0,0,1,0,0,1,0,1,1,1
Halobaena caerulea,Halobaena_caerulea,Procellariiformes,Procellariidae,NA,"Roman et al., 2019a",2015,Southern Ocean,Necropsy,202,-0.24971159070022225,Crustaceans,0,1,1,1,1,0,0,0,0,1,Surface.Seizing,0,0,0,1,0,0,1,0,1,2,0.5
Halobaena caerulea,Halobaena_caerulea,Procellariiformes,Procellariidae,NA,Ryan 1987,1982,Indian Ocean,Necropsy,202,-0.24971159070022225,Crustaceans,0,1,1,1,1,0,0,0,0,1,Surface.Seizing,0,0,0,1,0,0,1,0,68,74,0.918918918918919
Histrionicus histrionicus,Histrionicus_histrionicus,Anseriformes,Anatidae,1,Avery-Gomm et al. 2013,2010,North Pacific Ocean,Necropsy,563.5,-0.16568208325429462,Other.Inverts,0,0,0,1,1,0,0,0,0,0,Diving,0,1,1,1,0,0,0,0,0,1,0
Hydrobates castro,Hydrobates_castro,Procellariiformes,Hydrobatidae,1,Ainley et al. 1990b,1986,Southern Ocean,Necropsy,45.3,-0.28613599959863684,Crustaceans,0,1,1,1,0,0,0,1,1,1,Surface.Seizing,0,0,0,0,0,0,1,0,0,7,0
Hydrobates castro,Hydrobates_castro,Procellariiformes,Hydrobatidae,1,Spear et al. 1995,1987.5,South Pacific Ocean,Necropsy,45.3,-0.28613599959863684,Crustaceans,0,1,1,1,0,0,0,1,1,1,Surface.Seizing,0,0,0,0,0,0,1,0,0,7,0
Hydrobates castro,Hydrobates_castro,Procellariiformes,Hydrobatidae,NA,"Navarro et al., 2023",2020.5,North Atlantic Ocean,Necropsy,45.3,-0.28613599959863684,Crustaceans,0,1,1,1,0,0,0,1,1,1,Surface.Seizing,0,0,0,0,0,0,1,0,5,5,1
Hydrobates furcatus,Hydrobates_furcatus,Procellariiformes,Hydrobatidae,1,Blight and Burger 1997,1987,North Pacific Ocean,Necropsy,54.4,-0.28402073398934785,Fish,1,1,0,1,0,1,0,0,1,1,Surface.Seizing,0,0,0,0,1,1,1,0,0,0,0
Hydrobates furcatus,Hydrobates_furcatus,Procellariiformes,Hydrobatidae,1,Robards 1993,1990.5,North Pacific Ocean,Necropsy,54.4,-0.28402073398934785,Fish,1,1,0,1,0,1,0,0,1,1,Surface.Seizing,0,0,0,0,1,1,1,0,12,12,1
Hydrobates furcatus,Hydrobates_furcatus,Procellariiformes,Hydrobatidae,1,Robards et al. 1995,1989,North Pacific Ocean,Necropsy,54.4,-0.28402073398934785,Fish,1,1,0,1,0,1,0,0,1,1,Surface.Seizing,0,0,0,0,1,1,1,0,18,21,0.8571428571428571
Hydrobates furcatus,Hydrobates_furcatus,Procellariiformes,Hydrobatidae,NA,Day et al. 1984/Day 1980,1973,North Pacific Ocean,Necropsy,54.4,-0.28402073398934785,Fish,1,1,0,1,0,1,0,0,1,1,Surface.Seizing,0,0,0,0,1,1,1,0,8,8,1
Hydrobates leucorhous,Hydrobates_leucorhous,Procellariiformes,Hydrobatidae,1,Ainley et al. 1990b,1986,Southern Ocean,Necropsy,34.8,-0.2885766906862779,Cephalopods,0,1,1,1,1,1,0,0,1,1,Surface.Seizing,0,0,0,0,0,0,1,0,17,151,0.11258278145695365
Hydrobates leucorhous,Hydrobates_leucorhous,Procellariiformes,Hydrobatidae,1,Blight and Burger 1997,1987,North Pacific Ocean,Necropsy,34.8,-0.2885766906862779,Cephalopods,0,1,1,1,1,1,0,0,1,1,Surface.Seizing,0,0,0,0,0,0,1,0,1,1,1
Hydrobates leucorhous,Hydrobates_leucorhous,Procellariiformes,Hydrobatidae,1,Bond and Lavers 2013,2012,North Atlantic Ocean,Regurgitation,34.8,-0.2885766906862779,Cephalopods,0,1,1,1,1,1,0,0,1,1,Surface.Seizing,0,0,0,0,0,0,1,0,30,63,0.47619047619047616
Hydrobates leucorhous,Hydrobates_leucorhous,Procellariiformes,Hydrobatidae,1,Day 1980,1973,North Pacific Ocean,Necropsy,34.8,-0.2885766906862779,Cephalopods,0,1,1,1,1,1,0,0,1,1,Surface.Seizing,0,0,0,0,0,0,1,0,1,4,0.25
Hydrobates leucorhous,Hydrobates_leucorhous,Procellariiformes,Hydrobatidae,1,Day et al. 1984/Rothstein 1973,1962,North Pacific Ocean,Necropsy,34.8,-0.2885766906862779,Cephalopods,0,1,1,1,1,1,0,0,1,1,Surface.Seizing,0,0,0,0,0,0,1,0,1,7,0.14285714285714285
Hydrobates leucorhous,Hydrobates_leucorhous,Procellariiformes,Hydrobatidae,1,Day et al. 1984/Rothstein 1973,1964,North Pacific Ocean,Necropsy,34.8,-0.2885766906862779,Cephalopods,0,1,1,1,1,1,0,0,1,1,Surface.Seizing,0,0,0,0,0,0,1,0,4,7,0.5714285714285714
Hydrobates leucorhous,Hydrobates_leucorhous,Procellariiformes,Hydrobatidae,1,"Frith et al., 2020",2018,North Atlantic Ocean,Regurgitation,34.8,-0.2885766906862779,Cephalopods,0,1,1,1,1,1,0,0,1,1,Surface.Seizing,0,0,0,0,0,0,1,0,4,46,0.08695652173913043
Hydrobates leucorhous,Hydrobates_leucorhous,Procellariiformes,Hydrobatidae,1,"Frith et al., 2020",2019,North Atlantic Ocean,Regurgitation,34.8,-0.2885766906862779,Cephalopods,0,1,1,1,1,1,0,0,1,1,Surface.Seizing,0,0,0,0,0,0,1,0,5,41,0.12195121951219512
Hydrobates leucorhous,Hydrobates_leucorhous,Procellariiformes,Hydrobatidae,1,Furness 1985b,1983,North Atlantic Ocean,Necropsy,34.8,-0.2885766906862779,Cephalopods,0,1,1,1,1,1,0,0,1,1,Surface.Seizing,0,0,0,0,0,0,1,0,10,17,0.5882352941176471
Hydrobates leucorhous,Hydrobates_leucorhous,Procellariiformes,Hydrobatidae,1,Hedd et al. 2009,1988,North Atlantic Ocean,Regurgitation,34.8,-0.2885766906862779,Cephalopods,0,1,1,1,1,1,0,0,1,1,Surface.Seizing,0,0,0,0,0,0,1,0,719,749,0.9599465954606141
Hydrobates leucorhous,Hydrobates_leucorhous,Procellariiformes,Hydrobatidae,1,"Krug et al., 2021",2018,North Atlantic Ocean,Necropsy,34.8,-0.2885766906862779,Cephalopods,0,1,1,1,1,1,0,0,1,1,Surface.Seizing,0,0,0,0,0,0,1,0,84,96,0.875
Hydrobates leucorhous,Hydrobates_leucorhous,Procellariiformes,Hydrobatidae,1,Robards 1993,1990.5,North Pacific Ocean,Necropsy,34.8,-0.2885766906862779,Cephalopods,0,1,1,1,1,1,0,0,1,1,Surface.Seizing,0,0,0,0,0,0,1,0,2,3,0.6666666666666666
Hydrobates leucorhous,Hydrobates_leucorhous,Procellariiformes,Hydrobatidae,1,Robards et al. 1995,1989,North Pacific Ocean,Necropsy,34.8,-0.2885766906862779,Cephalopods,0,1,1,1,1,1,0,0,1,1,Surface.Seizing,0,0,0,0,0,0,1,0,31,64,0.484375
Hydrobates leucorhous,Hydrobates_leucorhous,Procellariiformes,Hydrobatidae,1,Rothstein 1973,1962,North Atlantic Ocean,Necropsy,34.8,-0.2885766906862779,Cephalopods,0,1,1,1,1,1,0,0,1,1,Surface.Seizing,0,0,0,0,0,0,1,0,1,7,0.14285714285714285
Hydrobates leucorhous,Hydrobates_leucorhous,Procellariiformes,Hydrobatidae,1,Rothstein 1973,1964,North Atlantic Ocean,Necropsy,34.8,-0.2885766906862779,Cephalopods,0,1,1,1,1,1,0,0,1,1,Surface.Seizing,0,0,0,0,0,0,1,0,5,15,0.3333333333333333
Hydrobates leucorhous,Hydrobates_leucorhous,Procellariiformes,Hydrobatidae,1,Spear et al. 1995,1987.5,South Pacific Ocean,Necropsy,34.8,-0.2885766906862779,Cephalopods,0,1,1,1,1,1,0,0,1,1,Surface.Seizing,0,0,0,0,0,0,1,0,70,354,0.1977401129943503
Hydrobates leucorhous,Hydrobates_leucorhous,Procellariiformes,Hydrobatidae,1,Watanuki 1985,1982,North Pacific Ocean,Lavage,34.8,-0.2885766906862779,Cephalopods,0,1,1,1,1,1,0,0,1,1,Surface.Seizing,0,0,0,0,0,0,1,0,20,307,0.06514657980456026
Hydrobates leucorhous,Hydrobates_leucorhous,Procellariiformes,Hydrobatidae,NA,"D'entremont et al., 2021",2020,North Atlantic Ocean,Necropsy,34.8,-0.2885766906862779,Cephalopods,0,1,1,1,1,1,0,0,1,1,Surface.Seizing,0,0,0,0,0,0,1,0,1,17,0.058823529411764705
Hydrobates leucorhous,Hydrobates_leucorhous,Procellariiformes,Hydrobatidae,NA,Day et al. 1984/Day 1980,1973,North Pacific Ocean,Necropsy,34.8,-0.2885766906862779,Cephalopods,0,1,1,1,1,1,0,0,1,1,Surface.Seizing,0,0,0,0,0,0,1,0,1,4,0.25
Hydrobates leucorhous,Hydrobates_leucorhous,Procellariiformes,Hydrobatidae,NA,"Navarro et al., 2023",2020.5,North Atlantic Ocean,Necropsy,34.8,-0.2885766906862779,Cephalopods,0,1,1,1,1,1,0,0,1,1,Surface.Seizing,0,0,0,0,0,0,1,0,0,1,0
Hydrobates leucorhous,Hydrobates_leucorhous,Procellariiformes,Hydrobatidae,NA,Provencher et al. 2014,1987.5,North Atlantic Ocean,Regurgitation,34.8,-0.2885766906862779,Cephalopods,0,1,1,1,1,1,0,0,1,1,Surface.Seizing,0,0,0,0,0,0,1,0,37,749,0.049399198931909215
Hydrobates leucorhous,Hydrobates_leucorhous,Procellariiformes,Hydrobatidae,NA,Provencher et al. 2014,2004,North Atlantic Ocean,Regurgitation,34.8,-0.2885766906862779,Cephalopods,0,1,1,1,1,1,0,0,1,1,Surface.Seizing,0,0,0,0,0,0,1,0,13,224,0.05803571428571429
Hydrobates leucorhous,Hydrobates_leucorhous,Procellariiformes,Hydrobatidae,NA,"Silva et al., 2024",2017,North Atlantic Ocean,Lavage,34.8,-0.2885766906862779,Cephalopods,0,1,1,1,1,1,0,0,1,1,Surface.Seizing,0,0,0,0,0,0,1,0,8,16,0.5
Hydrobates markhami,Hydrobates_markhami,Procellariiformes,Hydrobatidae,1,Ainley et al. 1990b,1986,Southern Ocean,Necropsy,53.1,-0.2843229147906749,Fish,0,1,1,1,1,0,0,0,0,1,Surface.Seizing,0,0,0,0,0,0,1,0,1,12,0.08333333333333333
Hydrobates markhami,Hydrobates_markhami,Procellariiformes,Hydrobatidae,1,Garcia-Godos et al. 2002,1998,South Pacific Ocean,Lavage,53.1,-0.2843229147906749,Fish,0,1,1,1,1,0,0,0,0,1,Surface.Seizing,0,0,0,0,0,0,1,0,3,95,0.031578947368421054
Hydrobates markhami,Hydrobates_markhami,Procellariiformes,Hydrobatidae,1,"Medrano et al., 2023",2019.5,South Pacific Ocean,Bolus,53.1,-0.2843229147906749,Fish,0,1,1,1,1,0,0,0,0,1,Surface.Seizing,0,0,0,0,0,0,1,0,4,4,1
Hydrobates markhami,Hydrobates_markhami,Procellariiformes,Hydrobatidae,1,"Medrano et al., 2023",2019.5,South Pacific Ocean,Necropsy,53.1,-0.2843229147906749,Fish,0,1,1,1,1,0,0,0,0,1,Surface.Seizing,0,0,0,0,0,0,1,0,16,25,0.64
Hydrobates melania,Hydrobates_melania,Procellariiformes,Hydrobatidae,1,Ainley et al. 1990b,1986,Southern Ocean,Necropsy,61.5,-0.28237036192056203,Crustaceans,0,1,1,1,0,1,0,0,1,1,Surface.Seizing,0,0,0,0,1,0,1,0,0,2,0
Hydrobates pelagicus,Hydrobates_pelagicus,Procellariiformes,Hydrobatidae,1,"De Pascalis et al., 2022",2019,North Atlantic Ocean,Regurgitation,25.2,-0.2908081796806925,Fish,0,1,1,1,1,1,0,0,1,1,Surface.Seizing,0,1,0,1,1,0,1,0,14,30,0.4666666666666667
Hydrobates pelagicus,Hydrobates_pelagicus,Procellariiformes,Hydrobatidae,1,Furness 1985b,1983,North Atlantic Ocean,Necropsy,25.2,-0.2908081796806925,Fish,0,1,1,1,1,1,0,0,1,1,Surface.Seizing,0,1,0,1,1,0,1,0,0,21,0
Hydrobates pelagicus,Hydrobates_pelagicus,Procellariiformes,Hydrobatidae,NA,Ryan 1987,1982,Indian Ocean,Necropsy,25.2,-0.2908081796806925,Fish,0,1,1,1,1,1,0,0,1,1,Surface.Seizing,0,1,0,1,1,0,1,0,0,1,0
Hydrobates tethys,Hydrobates_tethys,Procellariiformes,Hydrobatidae,1,Ainley et al. 1990b,1986,Southern Ocean,Necropsy,22.6,-0.29141254128334654,Fish,0,1,1,1,1,0,0,0,0,1,Surface.Seizing,0,0,0,0,1,0,1,0,2,176,0.011363636363636364
Hydrobates tethys,Hydrobates_tethys,Procellariiformes,Hydrobatidae,1,Spear et al. 1995,1987.5,South Pacific Ocean,Necropsy,22.6,-0.29141254128334654,Fish,0,1,1,1,1,0,0,0,0,1,Surface.Seizing,0,0,0,0,1,0,1,0,1,296,0.0033783783783783786
Hydrobates tristrami,Hydrobates_tristrami,Procellariiformes,Hydrobatidae,1,Rapp et al. 2017,2009.5,North Pacific Ocean,Necropsy,92,-0.27528073542789044,Fish,0,1,1,1,1,0,0,0,0,1,Surface.Seizing,0,0,0,0,0,0,1,0,1,1,1
Hydrobates tristrami,Hydrobates_tristrami,Procellariiformes,Hydrobatidae,1,Robards 1993,1990.5,North Pacific Ocean,Necropsy,92,-0.27528073542789044,Fish,0,1,1,1,1,0,0,0,0,1,Surface.Seizing,0,0,0,0,0,0,1,0,4,4,1
Hydrobates tristrami,Hydrobates_tristrami,Procellariiformes,Hydrobatidae,1,Sileo et al. 1990a,1987,North Pacific Ocean,Lavage,92,-0.27528073542789044,Fish,0,1,1,1,1,0,0,0,0,1,Surface.Seizing,0,0,0,0,0,0,1,0,6,18,0.3333333333333333
Hydrobates tristrami,Hydrobates_tristrami,Procellariiformes,Hydrobatidae,NA,Harrison et al. 1983,1979.5,North Pacific Ocean,Bolus,92,-0.27528073542789044,Fish,0,1,1,1,1,0,0,0,0,1,Surface.Seizing,0,0,0,0,0,0,1,0,1,10,0.1
Ichthyaetus audouinii,Ichthyaetus_audouinii,Charadriiformes,Laridae,1,Codina-Garcia et al. 2013,2006.5,North Atlantic Ocean,Necropsy,675,-0.13976426837124917,Fish,1,1,0,1,1,1,0,1,1,1,Surface.Seizing,0,0,0,0,1,0,1,1,2,15,0.13333333333333333
Ichthyaetus audouinii,Ichthyaetus_audouinii,Charadriiformes,Laridae,NA,"Basto et al., 2019",2012,North Atlantic Ocean,Necropsy,675,-0.13976426837124917,Fish,1,1,0,1,1,1,0,1,1,1,Surface.Seizing,0,0,0,0,1,0,1,1,0,1,0
Ichthyaetus audouinii,Ichthyaetus_audouinii,Charadriiformes,Laridae,NA,"Coentro, 2022",2021,North Atlantic Ocean,Bolus,675,-0.13976426837124917,Fish,1,1,0,1,1,1,0,1,1,1,Surface.Seizing,0,0,0,0,1,0,1,1,2,59,0.03389830508474576
Ichthyaetus audouinii,Ichthyaetus_audouinii,Charadriiformes,Laridae,NA,"Coentro, 2022",2021,North Atlantic Ocean,Scat,675,-0.13976426837124917,Fish,1,1,0,1,1,1,0,1,1,1,Surface.Seizing,0,0,0,0,1,0,1,1,20,32,0.625
Ichthyaetus audouinii,Ichthyaetus_audouinii,Charadriiformes,Laridae,NA,"Silva, 2022",2021,North Atlantic Ocean,Scat,675,-0.13976426837124917,Fish,1,1,0,1,1,1,0,1,1,1,Surface.Seizing,0,0,0,0,1,0,1,1,20,32,0.625
Ichthyaetus melanocephalus,Ichthyaetus_melanocephalus,Charadriiformes,Laridae,1,Codina-Garcia et al. 2013,2006.5,North Atlantic Ocean,Necropsy,282.5,-0.2309996256949742,Other.Inverts,1,1,0,1,1,0,1,0,1,0,Surface.Seizing,0,0,0,1,1,0,1,1,1,4,0.25
Ichthyaetus melanocephalus,Ichthyaetus_melanocephalus,Charadriiformes,Laridae,NA,"Basto et al., 2019",2012,North Atlantic Ocean,Necropsy,282.5,-0.2309996256949742,Other.Inverts,1,1,0,1,1,0,1,0,1,0,Surface.Seizing,0,0,0,1,1,0,1,1,0,1,0
Ichthyaetus melanocephalus,Ichthyaetus_melanocephalus,Charadriiformes,Laridae,NA,"Franco et al., 2019",2017,North Atlantic Ocean,Necropsy,282.5,-0.2309996256949742,Other.Inverts,1,1,0,1,1,0,1,0,1,0,Surface.Seizing,0,0,0,1,1,0,1,1,0,1,0
Ichthyaetus melanocephalus,Ichthyaetus_melanocephalus,Charadriiformes,Laridae,NA,"Navarro et al., 2023",2020.5,North Atlantic Ocean,Necropsy,282.5,-0.2309996256949742,Other.Inverts,1,1,0,1,1,0,1,0,1,0,Surface.Seizing,0,0,0,1,1,0,1,1,0,1,0
Larus argentatus,Larus_argentatus,Charadriiformes,Laridae,1,Acampora et al. 2016,2015,North Atlantic Ocean,Necropsy,1110,-0.038649923311834186,Fish,1,1,0,1,1,1,0,1,1,0,Surface.Seizing,0,0,0,0,1,0,1,1,4,13,0.3076923076923077
Larus argentatus,Larus_argentatus,Charadriiformes,Laridae,1,"Caldwell et al., 2020",2018,North Atlantic Ocean,Necropsy,1110,-0.038649923311834186,Fish,1,1,0,1,1,1,0,1,1,0,Surface.Seizing,0,0,0,0,1,0,1,1,4,8,0.5
Larus argentatus,Larus_argentatus,Charadriiformes,Laridae,1,Seif et al. 2018,2014.5,North Atlantic Ocean,Necropsy,1110,-0.038649923311834186,Fish,1,1,0,1,1,1,0,1,1,0,Surface.Seizing,0,0,0,0,1,0,1,1,19,31,0.6129032258064516
Larus argentatus,Larus_argentatus,Charadriiformes,Laridae,NA,"Basto et al., 2019",2012,North Atlantic Ocean,Necropsy,1110,-0.038649923311834186,Fish,1,1,0,1,1,1,0,1,1,0,Surface.Seizing,0,0,0,0,1,0,1,1,0,1,0
Larus argentatus,Larus_argentatus,Charadriiformes,Laridae,NA,"Caldwell et al., 2020",2018,North Atlantic Ocean,Bolus,1110,-0.038649923311834186,Fish,1,1,0,1,1,1,0,1,1,0,Surface.Seizing,0,0,0,0,1,0,1,1,29,46,0.6304347826086957
Larus argentatus,Larus_argentatus,Charadriiformes,Laridae,NA,"Caldwell et al., 2020",2018,North Atlantic Ocean,Regurgitation,1110,-0.038649923311834186,Fish,1,1,0,1,1,1,0,1,1,0,Surface.Seizing,0,0,0,0,1,0,1,1,2,14,0.14285714285714285
Larus argentatus,Larus_argentatus,Charadriiformes,Laridae,NA,"Franco et al., 2019",2016,North Atlantic Ocean,Necropsy,1110,-0.038649923311834186,Fish,1,1,0,1,1,1,0,1,1,0,Surface.Seizing,0,0,0,0,1,0,1,1,1,7,0.14285714285714285
Larus argentatus,Larus_argentatus,Charadriiformes,Laridae,NA,"Herzke et al., 2019",2017,Arctic Ocean,Necropsy,1110,-0.038649923311834186,Fish,1,1,0,1,1,1,0,1,1,0,Surface.Seizing,0,0,0,0,1,0,1,1,2,10,0.2
Larus argentatus,Larus_argentatus,Charadriiformes,Laridae,NA,"Nam et al., 2021",2012.5,North Pacific Ocean,Necropsy,1110,-0.038649923311834186,Fish,1,1,0,1,1,1,0,1,1,0,Surface.Seizing,0,0,0,0,1,0,1,1,0,2,0
Larus argentatus,Larus_argentatus,Charadriiformes,Laridae,NA,"Schutten et al., 2024",2021,North Atlantic Ocean,Necropsy,1110,-0.038649923311834186,Fish,1,1,0,1,1,1,0,1,1,0,Surface.Seizing,0,0,0,0,1,0,1,1,3,14,0.21428571428571427
Larus argentatus,Larus_argentatus,Charadriiformes,Laridae,NA,Seif et al. 2018,2014.5,North Atlantic Ocean,Necropsy,1110,-0.038649923311834186,Fish,1,1,0,1,1,1,0,1,1,0,Surface.Seizing,0,0,0,0,1,0,1,1,19,31,0.6129032258064516
Larus argentatus,Larus_argentatus,Charadriiformes,Laridae,NA,"Thompson et al., 2020",2018,North Atlantic Ocean,Bolus,1110,-0.038649923311834186,Fish,1,1,0,1,1,1,0,1,1,0,Surface.Seizing,0,0,0,0,1,0,1,1,22,57,0.38596491228070173
Larus argentatus,Larus_argentatus,Charadriiformes,Laridae,NA,"Toda et al., 1994",1991.5,North Pacific Ocean,Necropsy,1110,-0.038649923311834186,Fish,1,1,0,1,1,1,0,1,1,0,Surface.Seizing,0,0,0,0,1,0,1,1,1,7,0.14285714285714285
Larus argentatus,Larus_argentatus,Charadriiformes,Laridae,NA,"Vanermen et al., 2020",2020,North Atlantic Ocean,Bolus,1110,-0.038649923311834186,Fish,1,1,0,1,1,1,0,1,1,0,Surface.Seizing,0,0,0,0,1,0,1,1,4,20,0.2
Larus canus,Larus_canus,Charadriiformes,Laridae,1,Robards et al. 1995,1989,North Pacific Ocean,Necropsy,403.5,-0.20287356649453922,Fish,1,1,0,1,1,1,0,1,1,1,Surface.Seizing,1,0,0,1,1,0,1,1,1,4,0.25
Larus canus,Larus_canus,Charadriiformes,Laridae,NA,Baltz and Morejohn 1976,1974.5,North Pacific Ocean,Necropsy,403.5,-0.20287356649453922,Fish,1,1,0,1,1,1,0,1,1,1,Surface.Seizing,1,0,0,1,1,0,1,1,1,4,0.25
Larus canus,Larus_canus,Charadriiformes,Laridae,NA,Day et al. 1984/Day 1980,1973,North Pacific Ocean,Necropsy,403.5,-0.20287356649453922,Fish,1,1,0,1,1,1,0,1,1,1,Surface.Seizing,1,0,0,1,1,0,1,1,0,10,0
Larus canus,Larus_canus,Charadriiformes,Laridae,NA,"Toda et al., 1994",1991.5,North Pacific Ocean,Necropsy,403.5,-0.20287356649453922,Fish,1,1,0,1,1,1,0,1,1,1,Surface.Seizing,1,0,0,1,1,0,1,1,0,3,0
Larus crassirostris,Larus_crassirostris,Charadriiformes,Laridae,1,Hong et al. 2013,2011,North Pacific Ocean,Necropsy,504.5,-0.17939644269913482,Fish,0,1,0,1,1,1,0,1,1,1,Surface.Seizing,0,0,0,0,1,0,1,1,19,19,1
Larus crassirostris,Larus_crassirostris,Charadriiformes,Laridae,NA,"Nam et al., 2021",2012.5,North Pacific Ocean,Necropsy,504.5,-0.17939644269913482,Fish,0,1,0,1,1,1,0,1,1,1,Surface.Seizing,0,0,0,0,1,0,1,1,9,70,0.12857142857142856
Larus crassirostris,Larus_crassirostris,Charadriiformes,Laridae,NA,"Toda et al., 1994",1991.5,North Pacific Ocean,Necropsy,504.5,-0.17939644269913482,Fish,0,1,0,1,1,1,0,1,1,1,Surface.Seizing,0,0,0,0,1,0,1,1,2,29,0.06896551724137931
Larus crassirostris,Larus_crassirostris,Charadriiformes,Laridae,NA,"Yang et al., 2022",2020,North Pacific Ocean,Bolus,504.5,-0.17939644269913482,Fish,0,1,0,1,1,1,0,1,1,1,Surface.Seizing,0,0,0,0,1,0,1,1,9,10,0.9
Larus delawarensis,Larus_delawarensis,Charadriiformes,Laridae,1,"Thaysen et al., 2020",2016,North Atlantic Ocean,Necropsy,518.5,-0.17614218791561342,Fish,1,1,0,1,1,1,1,1,1,0,Plunging,0,0,0,0,1,0,1,1,29,44,0.6590909090909091
Larus delawarensis,Larus_delawarensis,Charadriiformes,Laridae,NA,"Schutten et al., 2024",2021,North Atlantic Ocean,Necropsy,518.5,-0.17614218791561342,Fish,1,1,0,1,1,1,1,1,1,0,Plunging,0,0,0,0,1,0,1,1,1,27,0.037037037037037035
Larus dominicanus,Larus_dominicanus,Charadriiformes,Laridae,1,Ainley et al. 1990a,1986.5,Southern Ocean,Necropsy,957,-0.07421427916031809,Other.Inverts,1,1,1,1,1,1,0,1,1,1,Scavenging,0,0,0,1,1,0,1,1,0,15,0
Larus dominicanus,Larus_dominicanus,Charadriiformes,Laridae,1,"Mendez-Sanhueza et al., 2023",2021.5,South Pacific Ocean,Scat,957,-0.07421427916031809,Other.Inverts,1,1,1,1,1,1,0,1,1,1,Scavenging,0,0,0,1,1,0,1,1,1,1,1
Larus dominicanus,Larus_dominicanus,Charadriiformes,Laridae,1,Tavares et al. 2017,2011,South Pacific Ocean,Necropsy,957,-0.07421427916031809,Other.Inverts,1,1,1,1,1,1,0,1,1,1,Scavenging,0,0,0,1,1,0,1,1,0,2,0
Larus dominicanus,Larus_dominicanus,Charadriiformes,Laridae,1,Tavares et al. 2017,2012,South Pacific Ocean,Necropsy,957,-0.07421427916031809,Other.Inverts,1,1,1,1,1,1,0,1,1,1,Scavenging,0,0,0,1,1,0,1,1,0,9,0
Larus dominicanus,Larus_dominicanus,Charadriiformes,Laridae,1,Tavares et al. 2017,2013,South Pacific Ocean,Necropsy,957,-0.07421427916031809,Other.Inverts,1,1,1,1,1,1,0,1,1,1,Scavenging,0,0,0,1,1,0,1,1,0,8,0
Larus dominicanus,Larus_dominicanus,Charadriiformes,Laridae,NA,"Fernández et al., 2024",2020.5,South Pacific Ocean,Necropsy,957,-0.07421427916031809,Other.Inverts,1,1,1,1,1,1,0,1,1,1,Scavenging,0,0,0,1,1,0,1,1,11,42,0.2619047619047619
Larus dominicanus,Larus_dominicanus,Charadriiformes,Laridae,NA,Lenzi et al. 2016,2012,South Pacific Ocean,Bolus,957,-0.07421427916031809,Other.Inverts,1,1,1,1,1,1,0,1,1,1,Scavenging,0,0,0,1,1,0,1,1,0,0,0
Larus dominicanus,Larus_dominicanus,Charadriiformes,Laridae,NA,"Lenzi et al., 2021",2017,South Atlantic Ocean,Regurgitation,957,-0.07421427916031809,Other.Inverts,1,1,1,1,1,1,0,1,1,1,Scavenging,0,0,0,1,1,0,1,1,81,318,0.25471698113207547
Larus dominicanus,Larus_dominicanus,Charadriiformes,Laridae,NA,Ryan 1987,1982,Indian Ocean,Necropsy,957,-0.07421427916031809,Other.Inverts,1,1,1,1,1,1,0,1,1,1,Scavenging,0,0,0,1,1,0,1,1,6,52,0.11538461538461539
Larus dominicanus,Larus_dominicanus,Charadriiformes,Laridae,NA,"Slip et al., 1990",1988,South Pacific Ocean,Necropsy,957,-0.07421427916031809,Other.Inverts,1,1,1,1,1,1,0,1,1,1,Scavenging,0,0,0,1,1,0,1,1,3,5,0.6
Larus dominicanus,Larus_dominicanus,Charadriiformes,Laridae,NA,"Vanstreels et al., 2021",2020,South Atlantic Ocean,Necropsy,957,-0.07421427916031809,Other.Inverts,1,1,1,1,1,1,0,1,1,1,Scavenging,0,0,0,1,1,0,1,1,1,2,0.5
Larus dominicanus,Larus_dominicanus,Charadriiformes,Laridae,NA,"Yorio et al., 2020",2014.5,South Atlantic Ocean,Bolus,957,-0.07421427916031809,Other.Inverts,1,1,1,1,1,1,0,1,1,1,Scavenging,0,0,0,1,1,0,1,1,75,2355,0.03184713375796178
Larus dominicanus,Larus_dominicanus,Charadriiformes,Laridae,NA,"do Nascimiento et al., 2023",2014,South Atlantic Ocean,Necropsy,957,-0.07421427916031809,Other.Inverts,1,1,1,1,1,1,0,1,1,1,Scavenging,0,0,0,1,1,0,1,1,0,129,0
Larus fuscus,Larus_fuscus,Charadriiformes,Laridae,1,Acampora et al. 2016,2015,North Atlantic Ocean,Necropsy,715,-0.13046639756118802,Fish,1,1,0,1,1,1,0,1,1,0,Surface.Seizing,0,0,0,1,1,0,1,1,2,2,1
Larus fuscus,Larus_fuscus,Charadriiformes,Laridae,1,Nicastro et al. 2018,2014,North Atlantic Ocean,Necropsy,715,-0.13046639756118802,Fish,1,1,0,1,1,1,0,1,1,0,Surface.Seizing,0,0,0,1,1,0,1,1,0,1,0
Larus fuscus,Larus_fuscus,Charadriiformes,Laridae,1,Nicastro et al. 2018,2015,North Atlantic Ocean,Necropsy,715,-0.13046639756118802,Fish,1,1,0,1,1,1,0,1,1,0,Surface.Seizing,0,0,0,1,1,0,1,1,3,17,0.17647058823529413
Larus fuscus,Larus_fuscus,Charadriiformes,Laridae,1,Nicastro et al. 2018,2016,North Atlantic Ocean,Necropsy,715,-0.13046639756118802,Fish,1,1,0,1,1,1,0,1,1,0,Surface.Seizing,0,0,0,1,1,0,1,1,6,27,0.2222222222222222
Larus fuscus,Larus_fuscus,Charadriiformes,Laridae,NA,"Basto et al., 2019",2012,North Atlantic Ocean,Necropsy,715,-0.13046639756118802,Fish,1,1,0,1,1,1,0,1,1,0,Surface.Seizing,0,0,0,1,1,0,1,1,20,107,0.18691588785046728
Larus fuscus,Larus_fuscus,Charadriiformes,Laridae,NA,"Lopes et al., 2022",2019.5,North Atlantic Ocean,Necropsy,715,-0.13046639756118802,Fish,1,1,0,1,1,1,0,1,1,0,Surface.Seizing,0,0,0,1,1,0,1,1,7,24,0.2916666666666667
Larus fuscus,Larus_fuscus,Charadriiformes,Laridae,NA,"Martín-Vélez et al., 2024",2022,North Atlantic Ocean,Bolus,715,-0.13046639756118802,Fish,1,1,0,1,1,1,0,1,1,0,Surface.Seizing,0,0,0,1,1,0,1,1,30,35,0.8571428571428571
Larus fuscus,Larus_fuscus,Charadriiformes,Laridae,NA,"Martín-Vélez et al., 2024",2022,North Atlantic Ocean,Scat,715,-0.13046639756118802,Fish,1,1,0,1,1,1,0,1,1,0,Surface.Seizing,0,0,0,1,1,0,1,1,4,47,0.0851063829787234
Larus fuscus,Larus_fuscus,Charadriiformes,Laridae,NA,Nicastro et al. 2018,2015,North Atlantic Ocean,Necropsy,715,-0.13046639756118802,Fish,1,1,0,1,1,1,0,1,1,0,Surface.Seizing,0,0,0,1,1,0,1,1,14,65,0.2153846153846154
Larus fuscus,Larus_fuscus,Charadriiformes,Laridae,NA,Nicastro et al. 2018,2016,North Atlantic Ocean,Necropsy,715,-0.13046639756118802,Fish,1,1,0,1,1,1,0,1,1,0,Surface.Seizing,0,0,0,1,1,0,1,1,5,14,0.35714285714285715
Larus fuscus,Larus_fuscus,Charadriiformes,Laridae,NA,"Vanermen et al., 2020",2020,North Atlantic Ocean,Bolus,715,-0.13046639756118802,Fish,1,1,0,1,1,1,0,1,1,0,Surface.Seizing,0,0,0,1,1,0,1,1,1,29,0.034482758620689655
Larus glaucescens,Larus_glaucescens,Charadriiformes,Laridae,1,Robards et al. 1995,1989,North Pacific Ocean,Necropsy,1063,-0.04957492151365604,Fish,1,1,0,0,1,1,0,1,1,1,Plunging,0,0,0,1,1,0,1,1,0,21,0
Larus glaucescens,Larus_glaucescens,Charadriiformes,Laridae,NA,Baltz and Morejohn 1976,1974.5,North Pacific Ocean,Necropsy,1063,-0.04957492151365604,Fish,1,1,0,0,1,1,0,1,1,1,Plunging,0,0,0,1,1,0,1,1,1,8,0.125
Larus glaucescens,Larus_glaucescens,Charadriiformes,Laridae,NA,Day et al. 1984/Day 1980,1973,North Pacific Ocean,Necropsy,1063,-0.04957492151365604,Fish,1,1,0,0,1,1,0,1,1,1,Plunging,0,0,0,1,1,0,1,1,0,63,0
Larus glaucescens,Larus_glaucescens,Charadriiformes,Laridae,NA,Lindborg et al. 2012,2008.5,North Pacific Ocean,Bolus,1063,-0.04957492151365604,Fish,1,1,0,0,1,1,0,1,1,1,Plunging,0,0,0,1,1,0,1,1,72,589,0.12224108658743633
Larus glaucescens,Larus_glaucescens,Charadriiformes,Laridae,NA,"Padula et al., 2020",2012,North Pacific Ocean,Necropsy,1063,-0.04957492151365604,Fish,1,1,0,0,1,1,0,1,1,1,Plunging,0,0,0,1,1,0,1,1,1,2,0.5
Larus glaucoides,Larus_glaucoides,Charadriiformes,Laridae,1,Acampora et al. 2016,2015,North Atlantic Ocean,Necropsy,863,-0.09606427556396178,Fish,1,1,0,1,1,1,0,1,1,1,Surface.Seizing,0,0,0,1,1,0,1,1,0,1,0
Larus glaucoides,Larus_glaucoides,Charadriiformes,Laridae,1,"Schutten et al., 2024",2020.5,North Atlantic Ocean,Necropsy,863,-0.09606427556396178,Fish,1,1,0,1,1,1,0,1,1,1,Surface.Seizing,0,0,0,1,1,0,1,1,12,16,0.75
Larus glaucoides,Larus_glaucoides,Charadriiformes,Laridae,1,Seif et al. 2018,2014.5,North Atlantic Ocean,Necropsy,863,-0.09606427556396178,Fish,1,1,0,1,1,1,0,1,1,1,Surface.Seizing,0,0,0,1,1,0,1,1,2,2,1
Larus glaucoides,Larus_glaucoides,Charadriiformes,Laridae,NA,Seif et al. 2018,2014.5,North Atlantic Ocean,Necropsy,863,-0.09606427556396178,Fish,1,1,0,1,1,1,0,1,1,1,Surface.Seizing,0,0,0,1,1,0,1,1,2,2,1
Larus heermanni,Larus_heermanni,Charadriiformes,Laridae,NA,Baltz and Morejohn 1976,1974.5,North Pacific Ocean,Necropsy,500,-0.1804424531652667,Fish,1,1,0,0,1,0,0,0,0,1,Plunging,0,0,0,1,1,0,1,1,2,15,0.13333333333333333
Larus heermanni,Larus_heermanni,Charadriiformes,Laridae,NA,Day et al. 1984/Day 1980,1973,North Pacific Ocean,Necropsy,500,-0.1804424531652667,Fish,1,1,0,0,1,0,0,0,0,1,Plunging,0,0,0,1,1,0,1,1,0,5,0
Larus hyperboreus,Larus_hyperboreus,Charadriiformes,Laridae,1,"Benjaminsen, 2021",2018,Arctic Ocean,Necropsy,1412.5,0.031665224689253244,Fish,1,1,0,1,1,1,0,1,1,1,Scavenging,1,0,0,0,1,0,1,1,3,21,0.14285714285714285
Larus hyperboreus,Larus_hyperboreus,Charadriiformes,Laridae,1,Lydersen et al. 1989,1984,Arctic Ocean,Necropsy,1412.5,0.031665224689253244,Fish,1,1,0,1,1,1,0,1,1,1,Scavenging,1,0,0,0,1,0,1,1,0,18,0
Larus hyperboreus,Larus_hyperboreus,Charadriiformes,Laridae,1,"Schutten et al., 2024",2020.5,North Atlantic Ocean,Necropsy,1412.5,0.031665224689253244,Fish,1,1,0,1,1,1,0,1,1,1,Scavenging,1,0,0,0,1,0,1,1,4,4,1
Larus hyperboreus,Larus_hyperboreus,Charadriiformes,Laridae,NA,Day et al. 1984/Day 1980,1973,North Pacific Ocean,Necropsy,1412.5,0.031665224689253244,Fish,1,1,0,1,1,1,0,1,1,1,Scavenging,1,0,0,0,1,0,1,1,1,33,0.030303030303030304
Larus marinus,Larus_marinus,Charadriiformes,Laridae,1,Acampora et al. 2016,2015,North Atlantic Ocean,Necropsy,1658.5,0.0888471301711293,Carrion.NonFishVertebrates,1,1,0,0,1,1,0,1,1,1,Aerial.Pursuit,0,0,0,1,1,0,1,1,1,4,0.25
Larus marinus,Larus_marinus,Charadriiformes,Laridae,1,"Caldwell et al., 2020",2018,North Atlantic Ocean,Necropsy,1658.5,0.0888471301711293,Carrion.NonFishVertebrates,1,1,0,0,1,1,0,1,1,1,Aerial.Pursuit,0,0,0,1,1,0,1,1,1,8,0.125
Larus marinus,Larus_marinus,Charadriiformes,Laridae,1,"Jardine et al., 2021",2014.5,North Atlantic Ocean,Necropsy,1658.5,0.0888471301711293,Carrion.NonFishVertebrates,1,1,0,0,1,1,0,1,1,1,Aerial.Pursuit,0,0,0,1,1,0,1,1,24,44,0.5454545454545454
Larus marinus,Larus_marinus,Charadriiformes,Laridae,1,"Schutten et al., 2024",2020.5,North Atlantic Ocean,Necropsy,1658.5,0.0888471301711293,Carrion.NonFishVertebrates,1,1,0,0,1,1,0,1,1,1,Aerial.Pursuit,0,0,0,1,1,0,1,1,34,39,0.8717948717948718
Larus marinus,Larus_marinus,Charadriiformes,Laridae,1,Seif et al. 2018,2014.5,North Atlantic Ocean,Necropsy,1658.5,0.0888471301711293,Carrion.NonFishVertebrates,1,1,0,0,1,1,0,1,1,1,Aerial.Pursuit,0,0,0,1,1,0,1,1,5,8,0.625
Larus marinus,Larus_marinus,Charadriiformes,Laridae,NA,"Caldwell et al., 2020",2018,North Atlantic Ocean,Bolus,1658.5,0.0888471301711293,Carrion.NonFishVertebrates,1,1,0,0,1,1,0,1,1,1,Aerial.Pursuit,0,0,0,1,1,0,1,1,9,39,0.23076923076923078
Larus marinus,Larus_marinus,Charadriiformes,Laridae,NA,"Caldwell et al., 2020",2018,North Atlantic Ocean,Regurgitation,1658.5,0.0888471301711293,Carrion.NonFishVertebrates,1,1,0,0,1,1,0,1,1,1,Aerial.Pursuit,0,0,0,1,1,0,1,1,1,8,0.125
Larus marinus,Larus_marinus,Charadriiformes,Laridae,NA,Seif et al. 2018,2014.5,North Atlantic Ocean,Necropsy,1658.5,0.0888471301711293,Carrion.NonFishVertebrates,1,1,0,0,1,1,0,1,1,1,Aerial.Pursuit,0,0,0,1,1,0,1,1,5,8,0.625
Larus michahellis,Larus_michahellis,Charadriiformes,Laridae,1,Codina-Garcia et al. 2013,2006.5,North Atlantic Ocean,Necropsy,1000,-0.06421906803950235,Fish,1,1,0,0,1,1,0,0,1,0,Plunging,0,0,0,1,1,0,1,1,4,12,0.3333333333333333
Larus michahellis,Larus_michahellis,Charadriiformes,Laridae,1,Nicastro et al. 2018,2014,North Atlantic Ocean,Necropsy,1000,-0.06421906803950235,Fish,1,1,0,0,1,1,0,0,1,0,Plunging,0,0,0,1,1,0,1,1,2,4,0.5
Larus michahellis,Larus_michahellis,Charadriiformes,Laridae,1,Nicastro et al. 2018,2015,North Atlantic Ocean,Necropsy,1000,-0.06421906803950235,Fish,1,1,0,0,1,1,0,0,1,0,Plunging,0,0,0,1,1,0,1,1,3,18,0.16666666666666666
Larus michahellis,Larus_michahellis,Charadriiformes,Laridae,1,Nicastro et al. 2018,2016,North Atlantic Ocean,Necropsy,1000,-0.06421906803950235,Fish,1,1,0,0,1,1,0,0,1,0,Plunging,0,0,0,1,1,0,1,1,4,35,0.11428571428571428
Larus michahellis,Larus_michahellis,Charadriiformes,Laridae,NA,"Basto et al., 2019",2012,North Atlantic Ocean,Necropsy,1000,-0.06421906803950235,Fish,1,1,0,0,1,1,0,0,1,0,Plunging,0,0,0,1,1,0,1,1,13,124,0.10483870967741936
Larus michahellis,Larus_michahellis,Charadriiformes,Laridae,NA,"Coentro, 2022",2021,North Atlantic Ocean,Bolus,1000,-0.06421906803950235,Fish,1,1,0,0,1,1,0,0,1,0,Plunging,0,0,0,1,1,0,1,1,14,77,0.18181818181818182
Larus michahellis,Larus_michahellis,Charadriiformes,Laridae,NA,"Coentro, 2022",2021,North Atlantic Ocean,Scat,1000,-0.06421906803950235,Fish,1,1,0,0,1,1,0,0,1,0,Plunging,0,0,0,1,1,0,1,1,22,32,0.6875
Larus michahellis,Larus_michahellis,Charadriiformes,Laridae,NA,"Droguet, 2023",2020,North Atlantic Ocean,Bolus,1000,-0.06421906803950235,Fish,1,1,0,0,1,1,0,0,1,0,Plunging,0,0,0,1,1,0,1,1,120,143,0.8391608391608392
Larus michahellis,Larus_michahellis,Charadriiformes,Laridae,NA,"Droguet, 2023",2021,North Atlantic Ocean,Bolus,1000,-0.06421906803950235,Fish,1,1,0,0,1,1,0,0,1,0,Plunging,0,0,0,1,1,0,1,1,139,177,0.7853107344632768
Larus michahellis,Larus_michahellis,Charadriiformes,Laridae,NA,"Droguet, 2023",2022,North Atlantic Ocean,Bolus,1000,-0.06421906803950235,Fish,1,1,0,0,1,1,0,0,1,0,Plunging,0,0,0,1,1,0,1,1,166,217,0.7649769585253456
Larus michahellis,Larus_michahellis,Charadriiformes,Laridae,NA,"Lopes et al., 2021",2018,North Atlantic Ocean,Bolus,1000,-0.06421906803950235,Fish,1,1,0,0,1,1,0,0,1,0,Plunging,0,0,0,1,1,0,1,1,489,1414,0.34582743988684583
Larus michahellis,Larus_michahellis,Charadriiformes,Laridae,NA,"Lopes et al., 2022",2019.5,North Atlantic Ocean,Necropsy,1000,-0.06421906803950235,Fish,1,1,0,0,1,1,0,0,1,0,Plunging,0,0,0,1,1,0,1,1,7,23,0.30434782608695654
Larus michahellis,Larus_michahellis,Charadriiformes,Laridae,NA,"Navarro et al., 2023",2020.5,North Atlantic Ocean,Necropsy,1000,-0.06421906803950235,Fish,1,1,0,0,1,1,0,0,1,0,Plunging,0,0,0,1,1,0,1,1,6,20,0.3
Larus michahellis,Larus_michahellis,Charadriiformes,Laridae,NA,Nicastro et al. 2018,2014,North Atlantic Ocean,Necropsy,1000,-0.06421906803950235,Fish,1,1,0,0,1,1,0,0,1,0,Plunging,0,0,0,1,1,0,1,1,0,3,0
Larus michahellis,Larus_michahellis,Charadriiformes,Laridae,NA,Nicastro et al. 2018,2015,North Atlantic Ocean,Necropsy,1000,-0.06421906803950235,Fish,1,1,0,0,1,1,0,0,1,0,Plunging,0,0,0,1,1,0,1,1,14,75,0.18666666666666668
Larus michahellis,Larus_michahellis,Charadriiformes,Laridae,NA,Nicastro et al. 2018,2016,North Atlantic Ocean,Necropsy,1000,-0.06421906803950235,Fish,1,1,0,0,1,1,0,0,1,0,Plunging,0,0,0,1,1,0,1,1,5,16,0.3125
Larus michahellis,Larus_michahellis,Charadriiformes,Laridae,NA,"Senes et al., 2023",2022,North Atlantic Ocean,Bolus,1000,-0.06421906803950235,Fish,1,1,0,0,1,1,0,0,1,0,Plunging,0,0,0,1,1,0,1,1,7,8,0.875
Larus michahellis,Larus_michahellis,Charadriiformes,Laridae,NA,"Senes et al., 2023",2022,North Atlantic Ocean,Scat,1000,-0.06421906803950235,Fish,1,1,0,0,1,1,0,0,1,0,Plunging,0,0,0,1,1,0,1,1,6,8,0.75
Larus pacificus,Larus_pacificus,Charadriiformes,Laridae,NA,"Bartlett, 2019",2018.5,Southern Ocean,Bolus,1313.5,0.008652994434351902,Fish,1,1,1,0,1,1,0,0,1,1,Scavenging,0,0,0,1,1,0,0,1,93,107,0.8691588785046729
Larus pacificus,Larus_pacificus,Charadriiformes,Laridae,NA,"Stewart et al., 2020",2019,South Pacific Ocean,Bolus,1313.5,0.008652994434351902,Fish,1,1,1,0,1,1,0,0,1,1,Scavenging,0,0,0,1,1,0,0,1,324,374,0.8663101604278075
Larus schistisagus,Larus_schistisagus,Charadriiformes,Laridae,1,Robards 1993,1990.5,North Pacific Ocean,Necropsy,1323,0.010861238751741427,Fish,1,1,0,1,1,1,0,0,1,1,Plunging,0,0,0,1,1,0,0,1,0,1,0
Larus smithsonianus,Larus_smithsonianus,Charadriiformes,Laridae,1,"Jardine et al., 2021",2014.5,North Atlantic Ocean,Necropsy,1085,-0.044461092568122404,Fish,1,1,0,1,1,1,0,1,1,0,Surface.Seizing,1,0,0,1,1,0,1,1,21,44,0.4772727272727273
Larus smithsonianus,Larus_smithsonianus,Charadriiformes,Laridae,1,"Schutten et al., 2024",2020.5,North Atlantic Ocean,Necropsy,1085,-0.044461092568122404,Fish,1,1,0,1,1,1,0,1,1,0,Surface.Seizing,1,0,0,1,1,0,1,1,33,46,0.717391304347826
Leucocarbo atriceps,Leucocarbo_atriceps,Suliformes,Phalacrocoracidae,1,Ainley et al. 1990a,1986.5,Southern Ocean,Bolus,2491,0.28235906640552694,Fish,0,1,1,1,1,0,0,0,0,1,Diving,0,0,1,0,0,0,0,0,0,75,0
Leucocarbo atriceps,Leucocarbo_atriceps,Suliformes,Phalacrocoracidae,NA,Ryan 1987,1982,Indian Ocean,Necropsy,2491,0.28235906640552694,Fish,0,1,1,1,1,0,0,0,0,1,Diving,0,0,1,0,0,0,0,0,0,12,0
Leucocarbo atriceps,Leucocarbo_atriceps,Suliformes,Phalacrocoracidae,NA,"Slip et al., 1990",1988.5,South Pacific Ocean,Regurgitation,2491,0.28235906640552694,Fish,0,1,1,1,1,0,0,0,0,1,Diving,0,0,1,0,0,0,0,0,5,64,0.078125
Leucophaeus atricilla,Leucophaeus_atricilla,Charadriiformes,Laridae,NA,"Clark, 2021",2020,North Atlantic Ocean,Necropsy,308,-0.22507223305356022,Other.Inverts,1,1,0,1,1,1,0,1,1,1,Surface.Seizing,0,1,0,1,1,1,1,1,13,13,1
Macronectes giganteus,Macronectes_giganteus,Procellariiformes,Procellariidae,1,Ainley et al. 1990a,1978,Southern Ocean,Necropsy,3697.5,0.5628060947139963,Carrion.NonFishVertebrates,1,1,1,1,0,1,0,0,1,1,Scavenging,0,0,1,1,1,0,1,1,0,2,0
Macronectes giganteus,Macronectes_giganteus,Procellariiformes,Procellariidae,1,Ainley et al. 1990a,1985.5,South Pacific Ocean,Necropsy,3697.5,0.5628060947139963,Carrion.NonFishVertebrates,1,1,1,1,0,1,0,0,1,1,Scavenging,0,0,1,1,1,0,1,1,0,4,0
Macronectes giganteus,Macronectes_giganteus,Procellariiformes,Procellariidae,1,Ainley et al. 1990a,1986,Southern Ocean,Necropsy,3697.5,0.5628060947139963,Carrion.NonFishVertebrates,1,1,1,1,0,1,0,0,1,1,Scavenging,0,0,1,1,1,0,1,1,0,2,0
Macronectes giganteus,Macronectes_giganteus,Procellariiformes,Procellariidae,1,Ainley et al. 1990a,1986.5,Southern Ocean,Necropsy,3697.5,0.5628060947139963,Carrion.NonFishVertebrates,1,1,1,1,0,1,0,0,1,1,Scavenging,0,0,1,1,1,0,1,1,0,5,0
Macronectes giganteus,Macronectes_giganteus,Procellariiformes,Procellariidae,1,Auman et al. 2004,2000.5,Indian Ocean,Necropsy,3697.5,0.5628060947139963,Carrion.NonFishVertebrates,1,1,1,1,0,1,0,0,1,1,Scavenging,0,0,1,1,1,0,1,1,0,1,0
Macronectes giganteus,Macronectes_giganteus,Procellariiformes,Procellariidae,1,Nel et al. 1999,1997,North Atlantic Ocean,Necropsy,3697.5,0.5628060947139963,Carrion.NonFishVertebrates,1,1,1,1,0,1,0,0,1,1,Scavenging,0,0,1,1,1,0,1,1,2,2,1
Macronectes giganteus,Macronectes_giganteus,Procellariiformes,Procellariidae,1,Petry et al. 2002,1997.5,South Pacific Ocean,Necropsy,3697.5,0.5628060947139963,Carrion.NonFishVertebrates,1,1,1,1,0,1,0,0,1,1,Scavenging,0,0,1,1,1,0,1,1,4,10,0.4
Macronectes giganteus,Macronectes_giganteus,Procellariiformes,Procellariidae,1,Roman et al. 2016,2013,South Pacific Ocean,Necropsy,3697.5,0.5628060947139963,Carrion.NonFishVertebrates,1,1,1,1,0,1,0,0,1,1,Scavenging,0,0,1,1,1,0,1,1,3,4,0.75
Macronectes giganteus,Macronectes_giganteus,Procellariiformes,Procellariidae,1,Roman et al. 2019,2010,South Pacific Ocean,Necropsy,3697.5,0.5628060947139963,Carrion.NonFishVertebrates,1,1,1,1,0,1,0,0,1,1,Scavenging,0,0,1,1,1,0,1,1,1,1,1
Macronectes giganteus,Macronectes_giganteus,Procellariiformes,Procellariidae,1,Roman et al. 2019,2013,South Pacific Ocean,Necropsy,3697.5,0.5628060947139963,Carrion.NonFishVertebrates,1,1,1,1,0,1,0,0,1,1,Scavenging,0,0,1,1,1,0,1,1,2,3,0.6666666666666666
Macronectes giganteus,Macronectes_giganteus,Procellariiformes,Procellariidae,1,Roman et al. 2019,2016,Indian Ocean,Necropsy,3697.5,0.5628060947139963,Carrion.NonFishVertebrates,1,1,1,1,0,1,0,0,1,1,Scavenging,0,0,1,1,1,0,1,1,0,1,0
Macronectes giganteus,Macronectes_giganteus,Procellariiformes,Procellariidae,1,Roman et al. 2019,2016,South Pacific Ocean,Necropsy,3697.5,0.5628060947139963,Carrion.NonFishVertebrates,1,1,1,1,0,1,0,0,1,1,Scavenging,0,0,1,1,1,0,1,1,1,1,1
Macronectes giganteus,Macronectes_giganteus,Procellariiformes,Procellariidae,1,Tourinho et al. 2010,2007,South Pacific Ocean,Necropsy,3697.5,0.5628060947139963,Carrion.NonFishVertebrates,1,1,1,1,0,1,0,0,1,1,Scavenging,0,0,1,1,1,0,1,1,2,2,1
Macronectes giganteus,Macronectes_giganteus,Procellariiformes,Procellariidae,NA,Barbieri 2009,2001,South Pacific Ocean,Necropsy,3697.5,0.5628060947139963,Carrion.NonFishVertebrates,1,1,1,1,0,1,0,0,1,1,Scavenging,0,0,1,1,1,0,1,1,9,14,0.6428571428571429
Macronectes giganteus,Macronectes_giganteus,Procellariiformes,Procellariidae,NA,"Gallo et al., 2024",2019,South Atlantic Ocean,Necropsy,3697.5,0.5628060947139963,Carrion.NonFishVertebrates,1,1,1,1,0,1,0,0,1,1,Scavenging,0,0,1,1,1,0,1,1,20,36,0.5555555555555556
Macronectes giganteus,Macronectes_giganteus,Procellariiformes,Procellariidae,NA,Roman et al. 2019,2014,Indian Ocean,Necropsy,3697.5,0.5628060947139963,Carrion.NonFishVertebrates,1,1,1,1,0,1,0,0,1,1,Scavenging,0,0,1,1,1,0,1,1,0,1,0
Macronectes giganteus,Macronectes_giganteus,Procellariiformes,Procellariidae,NA,"Roman et al., 2019a",2015,Southern Ocean,Necropsy,3697.5,0.5628060947139963,Carrion.NonFishVertebrates,1,1,1,1,0,1,0,0,1,1,Scavenging,0,0,1,1,1,0,1,1,5,8,0.625
Macronectes giganteus,Macronectes_giganteus,Procellariiformes,Procellariidae,NA,Ryan 1987,1982,Indian Ocean,Necropsy,3697.5,0.5628060947139963,Carrion.NonFishVertebrates,1,1,1,1,0,1,0,0,1,1,Scavenging,0,0,1,1,1,0,1,1,9,123,0.07317073170731707
Macronectes giganteus,Macronectes_giganteus,Procellariiformes,Procellariidae,NA,"Slip et al., 1990",1977,South Pacific Ocean,Necropsy,3697.5,0.5628060947139963,Carrion.NonFishVertebrates,1,1,1,1,0,1,0,0,1,1,Scavenging,0,0,1,1,1,0,1,1,0,2,0
Macronectes giganteus,Macronectes_giganteus,Procellariiformes,Procellariidae,NA,"Slip et al., 1990",1988,South Pacific Ocean,Necropsy,3697.5,0.5628060947139963,Carrion.NonFishVertebrates,1,1,1,1,0,1,0,0,1,1,Scavenging,0,0,1,1,1,0,1,1,2,5,0.4
Macronectes giganteus,Macronectes_giganteus,Procellariiformes,Procellariidae,NA,"do Nascimiento, 2022",2018,South Atlantic Ocean,Necropsy,3697.5,0.5628060947139963,Carrion.NonFishVertebrates,1,1,1,1,0,1,0,0,1,1,Scavenging,0,0,1,1,1,0,1,1,2,5,0.4
Macronectes halli,Macronectes_halli,Procellariiformes,Procellariidae,1,Robertson et al. 2004,1998,South Pacific Ocean,Necropsy,4249,0.6910004885077144,Carrion.NonFishVertebrates,1,0,1,1,0,0,0,0,0,1,Scavenging,0,0,0,1,1,0,1,1,1,4,0.25
Macronectes halli,Macronectes_halli,Procellariiformes,Procellariidae,1,Roman et al. 2016,2013,South Pacific Ocean,Necropsy,4249,0.6910004885077144,Carrion.NonFishVertebrates,1,0,1,1,0,0,0,0,0,1,Scavenging,0,0,0,1,1,0,1,1,1,1,1
Macronectes halli,Macronectes_halli,Procellariiformes,Procellariidae,1,Roman et al. 2019,2015,South Pacific Ocean,Necropsy,4249,0.6910004885077144,Carrion.NonFishVertebrates,1,0,1,1,0,0,0,0,0,1,Scavenging,0,0,0,1,1,0,1,1,1,2,0.5
Macronectes halli,Macronectes_halli,Procellariiformes,Procellariidae,1,"Valls et al., 2015",2014,South Atlantic Ocean,Necropsy,4249,0.6910004885077144,Carrion.NonFishVertebrates,1,0,1,1,0,0,0,0,0,1,Scavenging,0,0,0,1,1,0,1,1,1,1,1
Macronectes halli,Macronectes_halli,Procellariiformes,Procellariidae,NA,"Muñoz et al., 2023",2011,South Atlantic Ocean,Necropsy,4249,0.6910004885077144,Carrion.NonFishVertebrates,1,0,1,1,0,0,0,0,0,1,Scavenging,0,0,0,1,1,0,1,1,4,4,1
Macronectes halli,Macronectes_halli,Procellariiformes,Procellariidae,NA,Roman et al. 2019,2016,South Pacific Ocean,Necropsy,4249,0.6910004885077144,Carrion.NonFishVertebrates,1,0,1,1,0,0,0,0,0,1,Scavenging,0,0,0,1,1,0,1,1,0,1,0
Macronectes halli,Macronectes_halli,Procellariiformes,Procellariidae,NA,"Roman et al., 2019a",2015,Southern Ocean,Necropsy,4249,0.6910004885077144,Carrion.NonFishVertebrates,1,0,1,1,0,0,0,0,0,1,Scavenging,0,0,0,1,1,0,1,1,2,4,0.5
Macronectes halli,Macronectes_halli,Procellariiformes,Procellariidae,NA,Ryan 1987,1982,Indian Ocean,Necropsy,4249,0.6910004885077144,Carrion.NonFishVertebrates,1,0,1,1,0,0,0,0,0,1,Scavenging,0,0,0,1,1,0,1,1,3,42,0.07142857142857142
Macronectes halli,Macronectes_halli,Procellariiformes,Procellariidae,NA,"Valls et al., 2015",2011,South Atlantic Ocean,Necropsy,4249,0.6910004885077144,Carrion.NonFishVertebrates,1,0,1,1,0,0,0,0,0,1,Scavenging,0,0,0,1,1,0,1,1,1,1,1
Megadyptes antipodes,Megadyptes_antipodes,Sphenisciformes,Spheniscidae,NA,Hocken 2005,2001.5,South Pacific Ocean,Necropsy,5330,0.942275447149617,Fish,0,1,1,1,0,0,0,0,0,1,Diving,0,1,1,0,0,0,0,0,0,124,0
Melanitta deglandi,Melanitta_deglandi,Anseriformes,Anatidae,NA,"Schutten et al., 2024",2021,North Atlantic Ocean,Necropsy,1757,0.11174313704090488,Other.Inverts,0,1,0,1,1,0,0,0,0,0,Bottom.Feeding,0,1,1,0,0,0,1,0,0,1,0
Melanitta fusca,Melanitta_fusca,Anseriformes,Anatidae,NA,"Morkūnas et al., 2021",2017,North Atlantic Ocean,Necropsy,1578,0.07013516516588125,Crustaceans,0,1,0,1,1,0,0,0,0,0,Bottom.Feeding,0,1,1,0,0,0,1,0,0,246,0
Melanitta fusca,Melanitta_fusca,Anseriformes,Anatidae,NA,"van Franeker et al., 2024",2019,North Atlantic Ocean,Necropsy,1578,0.07013516516588125,Crustaceans,0,1,0,1,1,0,0,0,0,0,Bottom.Feeding,0,1,1,0,0,0,1,0,0,1,0
Melanitta nigra,Melanitta_nigra,Anseriformes,Anatidae,NA,"Basto et al., 2019",2012,North Atlantic Ocean,Necropsy,1077,-0.04632066673013464,Other.Inverts,0,0,0,1,1,0,0,0,0,0,Bottom.Feeding,0,1,1,0,0,0,0,0,0,2,0
Melanitta nigra,Melanitta_nigra,Anseriformes,Anatidae,NA,"Morkūnas et al., 2021",2017,North Atlantic Ocean,Necropsy,1077,-0.04632066673013464,Other.Inverts,0,0,0,1,1,0,0,0,0,0,Bottom.Feeding,0,1,1,0,0,0,0,0,0,27,0
Melanitta nigra,Melanitta_nigra,Anseriformes,Anatidae,NA,"van Franeker et al., 2024",2019,North Atlantic Ocean,Necropsy,1077,-0.04632066673013464,Other.Inverts,0,0,0,1,1,0,0,0,0,0,Bottom.Feeding,0,1,1,0,0,0,0,0,0,14,0
Melanitta perspicillata,Melanitta_perspicillata,Anseriformes,Anatidae,1,Avery-Gomm et al. 2013,2010,North Pacific Ocean,Necropsy,1097.5,-0.041555507939978295,Other.Inverts,0,1,0,1,1,0,0,0,0,0,Bottom.Feeding,0,1,1,0,0,0,0,0,0,2,0
Melanitta perspicillata,Melanitta_perspicillata,Anseriformes,Anatidae,1,Provencher et al. 2014,2006,North Atlantic Ocean,Necropsy,1097.5,-0.041555507939978295,Other.Inverts,0,1,0,1,1,0,0,0,0,0,Bottom.Feeding,0,1,1,0,0,0,0,0,0,38,0
Melanitta perspicillata,Melanitta_perspicillata,Anseriformes,Anatidae,NA,"Schutten et al., 2024",2021,North Atlantic Ocean,Necropsy,1097.5,-0.041555507939978295,Other.Inverts,0,1,0,1,1,0,0,0,0,0,Bottom.Feeding,0,1,1,0,0,0,0,0,0,1,0
Microcarbo coronatus,Microcarbo_coronatus,Suliformes,Phalacrocoracidae,NA,Ryan 1987,1982,Indian Ocean,Necropsy,763,-0.11930895258911466,Fish,0,1,1,1,1,0,0,0,0,0,Diving,0,1,1,0,0,0,0,0,0,24,0
Morus bassanus,Morus_bassanus,Suliformes,Sulidae,1,Codina-Garcia et al. 2013,2006.5,North Atlantic Ocean,Necropsy,2999.5,0.4005582490784293,Fish,0,1,0,0,0,1,0,0,1,1,Plunging,0,0,0,1,1,0,1,0,1,8,0.125
Morus bassanus,Morus_bassanus,Suliformes,Sulidae,1,"Garcês et al., 2024",2016,North Atlantic Ocean,Necropsy,2999.5,0.4005582490784293,Fish,0,1,0,0,0,1,0,0,1,1,Plunging,0,0,0,1,1,0,1,0,1,1,1
Morus bassanus,Morus_bassanus,Suliformes,Sulidae,1,Nicastro et al. 2018,2015,North Atlantic Ocean,Necropsy,2999.5,0.4005582490784293,Fish,0,1,0,0,0,1,0,0,1,1,Plunging,0,0,0,1,1,0,1,0,0,7,0
Morus bassanus,Morus_bassanus,Suliformes,Sulidae,1,Nicastro et al. 2018,2016,North Atlantic Ocean,Necropsy,2999.5,0.4005582490784293,Fish,0,1,0,0,0,1,0,0,1,1,Plunging,0,0,0,1,1,0,1,0,0,1,0
Morus bassanus,Morus_bassanus,Suliformes,Sulidae,1,Pierce et al. 2004,2004,North Atlantic Ocean,Necropsy,2999.5,0.4005582490784293,Fish,0,1,0,0,0,1,0,0,1,1,Plunging,0,0,0,1,1,0,1,0,1,1,1
Morus bassanus,Morus_bassanus,Suliformes,Sulidae,NA,"Basto et al., 2019",2012,North Atlantic Ocean,Necropsy,2999.5,0.4005582490784293,Fish,0,1,0,0,0,1,0,0,1,1,Plunging,0,0,0,1,1,0,1,0,1,21,0.047619047619047616
Morus bassanus,Morus_bassanus,Suliformes,Sulidae,NA,"Franco et al., 2019",2017,North Atlantic Ocean,Necropsy,2999.5,0.4005582490784293,Fish,0,1,0,0,0,1,0,0,1,1,Plunging,0,0,0,1,1,0,1,0,8,44,0.18181818181818182
Morus bassanus,Morus_bassanus,Suliformes,Sulidae,NA,Nicastro et al. 2018,2015,North Atlantic Ocean,Necropsy,2999.5,0.4005582490784293,Fish,0,1,0,0,0,1,0,0,1,1,Plunging,0,0,0,1,1,0,1,0,0,8,0
Morus capensis,Morus_capensis,Suliformes,Sulidae,NA,"Cartraud et al., 2019",2009,Indian Ocean,Necropsy,2643.5,0.3178071988688851,Fish,0,1,0,0,0,1,0,0,1,1,Plunging,0,0,0,1,1,0,0,0,1,2,0.5
Morus capensis,Morus_capensis,Suliformes,Sulidae,NA,Ryan 1987,1982,Indian Ocean,Necropsy,2643.5,0.3178071988688851,Fish,0,1,0,0,0,1,0,0,1,1,Plunging,0,0,0,1,1,0,0,0,0,5,0
Morus serrator,Morus_serrator,Suliformes,Sulidae,1,"Gilbert et al., 2016",2011.5,South Pacific Ocean,Necropsy,2350,0.24958407180006142,Fish,0,1,1,0,0,1,0,0,1,1,Plunging,0,0,0,1,1,0,0,0,0,6,0
Morus serrator,Morus_serrator,Suliformes,Sulidae,1,Roman et al. 2016,2013,South Pacific Ocean,Necropsy,2350,0.24958407180006142,Fish,0,1,1,0,0,1,0,0,1,1,Plunging,0,0,0,1,1,0,0,0,0,14,0
Nannopterum auritum,Nannopterum_auritum,Suliformes,Phalacrocoracidae,1,Avery-Gomm et al. 2013,2009,North Pacific Ocean,Necropsy,1674,0.092450055110028,Fish,0,1,0,1,1,0,0,0,0,0,Diving,0,1,1,0,0,0,0,0,0,1,0
Nannopterum auritum,Nannopterum_auritum,Suliformes,Phalacrocoracidae,1,Avery-Gomm et al. 2013,2010,North Pacific Ocean,Necropsy,1674,0.092450055110028,Fish,0,1,0,1,1,0,0,0,0,0,Diving,0,1,1,0,0,0,0,0,0,1,0
Nannopterum auritum,Nannopterum_auritum,Suliformes,Phalacrocoracidae,NA,"Clark, 2021",2020,North Atlantic Ocean,Necropsy,1674,0.092450055110028,Fish,0,1,0,1,1,0,0,0,0,0,Diving,0,1,1,0,0,0,0,0,9,10,0.9
Nannopterum auritum,Nannopterum_auritum,Suliformes,Phalacrocoracidae,NA,Day et al. 1984/Day 1980,1973,North Pacific Ocean,Necropsy,1674,0.092450055110028,Fish,0,1,0,1,1,0,0,0,0,0,Diving,0,1,1,0,0,0,0,0,0,4,0
Nannopterum auritum,Nannopterum_auritum,Suliformes,Phalacrocoracidae,NA,"Schutten et al., 2024",2021,North Atlantic Ocean,Necropsy,1674,0.092450055110028,Fish,0,1,0,1,1,0,0,0,0,0,Diving,0,1,1,0,0,0,0,0,1,19,0.05263157894736842
Nannopterum brasilianum,Nannopterum_brasilianum,Suliformes,Phalacrocoracidae,NA,"Klopertanz et al., 2022",2021,South Atlantic Ocean,Necropsy,1210,-0.015405246286681318,Fish,1,1,0,1,1,0,0,0,0,0,Diving,0,1,1,0,0,0,0,0,0,1,0
Nannopterum brasilianum,Nannopterum_brasilianum,Suliformes,Phalacrocoracidae,NA,"Porras-Parra et al., 2024",2019,South Pacific Ocean,Bolus,1210,-0.015405246286681318,Fish,1,1,0,1,1,0,0,0,0,0,Diving,0,1,1,0,0,0,0,0,57,800,0.07125
Nannopterum brasilianum,Nannopterum_brasilianum,Suliformes,Phalacrocoracidae,NA,"Porras-Parra et al., 2024",2020.5,South Pacific Ocean,Bolus,1210,-0.015405246286681318,Fish,1,1,0,1,1,0,0,0,0,0,Diving,0,1,1,0,0,0,0,0,16,647,0.02472952086553323
Nannopterum brasilianum,Nannopterum_brasilianum,Suliformes,Phalacrocoracidae,NA,"Vanstreels et al., 2021",2020,South Atlantic Ocean,Necropsy,1210,-0.015405246286681318,Fish,1,1,0,1,1,0,0,0,0,0,Diving,0,1,1,0,0,0,0,0,0,2,0
Nesofregetta fuliginosa,Nesofregetta_fuliginosa,Procellariiformes,Oceanitidae,1,Ainley et al. 1990b,1986,Southern Ocean,Necropsy,70,-0.280394564373424,Crustaceans,0,1,1,1,1,0,0,0,0,1,Surface.Seizing,0,0,0,1,0,0,1,0,0,8,0
Nesofregetta fuliginosa,Nesofregetta_fuliginosa,Procellariiformes,Oceanitidae,1,Spear et al. 1995,1987.5,South Pacific Ocean,Necropsy,70,-0.280394564373424,Crustaceans,0,1,1,1,1,0,0,0,0,1,Surface.Seizing,0,0,0,1,0,0,1,0,0,14,0
Oceanites gracilis,Oceanites_gracilis,Procellariiformes,Oceanitidae,1,Ainley et al. 1990b,1986,Southern Ocean,Necropsy,16.7,-0.2927839772278305,Fish,0,1,0,1,0,1,0,0,1,1,Surface.Seizing,0,0,0,0,1,0,1,0,0,2,0
Oceanites oceanicus,Oceanites_oceanicus,Procellariiformes,Oceanitidae,1,Ainley et al. 1990a,1978,Southern Ocean,Necropsy,32,-0.28922754164298214,Crustaceans,1,1,1,1,1,1,0,0,1,1,Surface.Seizing,0,0,0,1,1,0,1,0,10,27,0.37037037037037035
Oceanites oceanicus,Oceanites_oceanicus,Procellariiformes,Oceanitidae,1,Ainley et al. 1990a,1985.5,South Pacific Ocean,Necropsy,32,-0.28922754164298214,Crustaceans,1,1,1,1,1,1,0,0,1,1,Surface.Seizing,0,0,0,1,1,0,1,0,2,49,0.04081632653061224
Oceanites oceanicus,Oceanites_oceanicus,Procellariiformes,Oceanitidae,1,Ainley et al. 1990a,1986,Southern Ocean,Necropsy,32,-0.28922754164298214,Crustaceans,1,1,1,1,1,1,0,0,1,1,Surface.Seizing,0,0,0,1,1,0,1,0,20,57,0.3508771929824561
Oceanites oceanicus,Oceanites_oceanicus,Procellariiformes,Oceanitidae,1,Ainley et al. 1990a,1988,South Pacific Ocean,Necropsy,32,-0.28922754164298214,Crustaceans,1,1,1,1,1,1,0,0,1,1,Surface.Seizing,0,0,0,1,1,0,1,0,2,49,0.04081632653061224
Oceanites oceanicus,Oceanites_oceanicus,Procellariiformes,Oceanitidae,1,Ainley et al. 1990b,1986,Southern Ocean,Necropsy,32,-0.28922754164298214,Crustaceans,1,1,1,1,1,1,0,0,1,1,Surface.Seizing,0,0,0,1,1,0,1,0,0,8,0
Oceanites oceanicus,Oceanites_oceanicus,Procellariiformes,Oceanitidae,1,Croxall et al. 1988,1988,Indian Ocean,Bolus,32,-0.28922754164298214,Crustaceans,1,1,1,1,1,1,0,0,1,1,Surface.Seizing,0,0,0,1,1,0,1,0,5,51,0.09803921568627451
Oceanites oceanicus,Oceanites_oceanicus,Procellariiformes,Oceanitidae,1,van Franeker and Bell 1988,1985.5,Indian Ocean,Necropsy,32,-0.28922754164298214,Crustaceans,1,1,1,1,1,1,0,0,1,1,Surface.Seizing,0,0,0,1,1,0,1,0,2,4,0.5
Oceanites oceanicus,Oceanites_oceanicus,Procellariiformes,Oceanitidae,NA,"Gallo et al., 2024",2019,South Atlantic Ocean,Necropsy,32,-0.28922754164298214,Crustaceans,1,1,1,1,1,1,0,0,1,1,Surface.Seizing,0,0,0,1,1,0,1,0,0,2,0
Oceanites oceanicus,Oceanites_oceanicus,Procellariiformes,Oceanitidae,NA,Ryan 1987,1982,Indian Ocean,Necropsy,32,-0.28922754164298214,Crustaceans,1,1,1,1,1,1,0,0,1,1,Surface.Seizing,0,0,0,1,1,0,1,0,3,4,0.75
Oceanites oceanicus,Oceanites_oceanicus,Procellariiformes,Oceanitidae,NA,"do Nascimiento et al., 2023",2015,South Atlantic Ocean,Necropsy,32,-0.28922754164298214,Crustaceans,1,1,1,1,1,1,0,0,1,1,Surface.Seizing,0,0,0,1,1,0,1,0,0,7,0
Oceanites oceanicus,Oceanites_oceanicus,Procellariiformes,Oceanitidae,NA,"do Nascimiento, 2022",2018,South Atlantic Ocean,Necropsy,32,-0.28922754164298214,Crustaceans,1,1,1,1,1,1,0,0,1,1,Surface.Seizing,0,0,0,1,1,0,1,0,0,2,0
Onychoprion aleuticus,Onychoprion_aleuticus,Charadriiformes,Laridae,NA,Day et al. 1984/Day 1980,1973,North Pacific Ocean,Necropsy,120,-0.2687722258608476,Fish,0,1,0,0,0,0,0,0,0,1,Surface.Seizing,0,0,0,1,0,0,1,0,0,8,0
Onychoprion anaethetus,Onychoprion_anaethetus,Charadriiformes,Laridae,NA,"Berr et al., 2020",2016.5,South Pacific Ocean,Necropsy,127,-0.2671450984690869,Fish,0,1,1,1,1,1,0,0,1,1,Plunging,1,0,0,1,0,0,1,0,0,1,0
Onychoprion fuscatus,Onychoprion_fuscatus,Charadriiformes,Laridae,1,Ainley et al. 1990b,1986,Southern Ocean,Necropsy,175,-0.2559876534970135,Cephalopods,0,1,1,1,1,1,0,0,1,1,Surface.Seizing,0,0,0,0,0,0,1,0,0,35,0
Onychoprion fuscatus,Onychoprion_fuscatus,Charadriiformes,Laridae,1,Rapp et al. 2017,2009.5,North Pacific Ocean,Necropsy,175,-0.2559876534970135,Cephalopods,0,1,1,1,1,1,0,0,1,1,Surface.Seizing,0,0,0,0,0,0,1,0,0,4,0
Onychoprion fuscatus,Onychoprion_fuscatus,Charadriiformes,Laridae,1,Roman et al. 2016,2013,South Pacific Ocean,Necropsy,175,-0.2559876534970135,Cephalopods,0,1,1,1,1,1,0,0,1,1,Surface.Seizing,0,0,0,0,0,0,1,0,0,27,0
Onychoprion fuscatus,Onychoprion_fuscatus,Charadriiformes,Laridae,1,Sileo et al. 1990a,1986,North Pacific Ocean,Lavage,175,-0.2559876534970135,Cephalopods,0,1,1,1,1,1,0,0,1,1,Surface.Seizing,0,0,0,0,0,0,1,0,2,26,0.07692307692307693
Onychoprion fuscatus,Onychoprion_fuscatus,Charadriiformes,Laridae,1,Spear et al. 1995,1987.5,South Pacific Ocean,Necropsy,175,-0.2559876534970135,Cephalopods,0,1,1,1,1,1,0,0,1,1,Surface.Seizing,0,0,0,0,0,0,1,0,1,64,0.015625
Onychoprion fuscatus,Onychoprion_fuscatus,Charadriiformes,Laridae,1,Tavares et al. 2017,2012,South Pacific Ocean,Necropsy,175,-0.2559876534970135,Cephalopods,0,1,1,1,1,1,0,0,1,1,Surface.Seizing,0,0,0,0,0,0,1,0,0,1,0
Onychoprion fuscatus,Onychoprion_fuscatus,Charadriiformes,Laridae,1,"Van de Crommenacker et al., 2022",2019,Indian Ocean,Necropsy,175,-0.2559876534970135,Cephalopods,0,1,1,1,1,1,0,0,1,1,Surface.Seizing,0,0,0,0,0,0,1,0,0,7,0
Onychoprion fuscatus,Onychoprion_fuscatus,Charadriiformes,Laridae,NA,"Berr et al., 2020",2016.5,South Pacific Ocean,Necropsy,175,-0.2559876534970135,Cephalopods,0,1,1,1,1,1,0,0,1,1,Surface.Seizing,0,0,0,0,0,0,1,0,0,1,0
Onychoprion fuscatus,Onychoprion_fuscatus,Charadriiformes,Laridae,NA,"Cartraud et al., 2019",2006,Indian Ocean,Necropsy,175,-0.2559876534970135,Cephalopods,0,1,1,1,1,1,0,0,1,1,Surface.Seizing,0,0,0,0,0,0,1,0,4,27,0.14814814814814814
Onychoprion fuscatus,Onychoprion_fuscatus,Charadriiformes,Laridae,NA,Day et al. 1984/Harrison et al. 1983,1980.5,North Pacific Ocean,Bolus,175,-0.2559876534970135,Cephalopods,0,1,1,1,1,1,0,0,1,1,Surface.Seizing,0,0,0,0,0,0,1,0,0,356,0
Onychoprion fuscatus,Onychoprion_fuscatus,Charadriiformes,Laridae,NA,Rapp et al. 2017,2009.5,North Pacific Ocean,Necropsy,175,-0.2559876534970135,Cephalopods,0,1,1,1,1,1,0,0,1,1,Surface.Seizing,0,0,0,0,0,0,1,0,0,10,0
Onychoprion lunatus,Onychoprion_lunatus,Charadriiformes,Laridae,1,Ainley et al. 1990b,1986,Southern Ocean,Necropsy,146,-0.26272860983430785,Fish,1,1,1,1,0,0,0,0,0,1,Plunging,0,0,0,1,0,0,1,0,0,5,0
Onychoprion lunatus,Onychoprion_lunatus,Charadriiformes,Laridae,1,Sileo et al. 1990a,1986,North Pacific Ocean,Lavage,146,-0.26272860983430785,Fish,1,1,1,1,0,0,0,0,0,1,Plunging,0,0,0,1,0,0,1,0,0,7,0
Onychoprion lunatus,Onychoprion_lunatus,Charadriiformes,Laridae,1,Sileo et al. 1990a,1987,North Pacific Ocean,Lavage,146,-0.26272860983430785,Fish,1,1,1,1,0,0,0,0,0,1,Plunging,0,0,0,1,0,0,1,0,0,10,0
Onychoprion lunatus,Onychoprion_lunatus,Charadriiformes,Laridae,1,Spear et al. 1995,1987.5,South Pacific Ocean,Necropsy,146,-0.26272860983430785,Fish,1,1,1,1,0,0,0,0,0,1,Plunging,0,0,0,1,0,0,1,0,0,5,0
Onychoprion lunatus,Onychoprion_lunatus,Charadriiformes,Laridae,NA,Day et al. 1984/Harrison et al. 1983,1980.5,North Pacific Ocean,Bolus,146,-0.26272860983430785,Fish,1,1,1,1,0,0,0,0,0,1,Plunging,0,0,0,1,0,0,1,0,0,272,0
Pachyptila belcheri,Pachyptila_belcheri,Procellariiformes,Procellariidae,1,Ainley et al. 1990b,1986,Southern Ocean,Necropsy,145,-0.2629610566045594,Crustaceans,0,1,1,1,1,0,0,0,0,1,Skimming,0,0,0,1,0,0,1,0,5,6,0.8333333333333334
Pachyptila belcheri,Pachyptila_belcheri,Procellariiformes,Procellariidae,1,Barbieri 2009,2001,South Pacific Ocean,Necropsy,145,-0.2629610566045594,Crustaceans,0,1,1,1,1,0,0,0,0,1,Skimming,0,0,0,1,0,0,1,0,1,3,0.3333333333333333
Pachyptila belcheri,Pachyptila_belcheri,Procellariiformes,Procellariidae,1,Harper and Fowler 1987,1967.5,South Pacific Ocean,Necropsy,145,-0.2629610566045594,Crustaceans,0,1,1,1,1,0,0,0,0,1,Skimming,0,0,0,1,0,0,1,0,10,152,0.06578947368421052
Pachyptila belcheri,Pachyptila_belcheri,Procellariiformes,Procellariidae,1,Petry et al. 2002,1997.5,South Pacific Ocean,Necropsy,145,-0.2629610566045594,Crustaceans,0,1,1,1,1,0,0,0,0,1,Skimming,0,0,0,1,0,0,1,0,2,5,0.4
Pachyptila belcheri,Pachyptila_belcheri,Procellariiformes,Procellariidae,1,Roman et al. 2016,2002,South Pacific Ocean,Necropsy,145,-0.2629610566045594,Crustaceans,0,1,1,1,1,0,0,0,0,1,Skimming,0,0,0,1,0,0,1,0,1,1,1
Pachyptila belcheri,Pachyptila_belcheri,Procellariiformes,Procellariidae,1,Roman et al. 2016,2013,South Pacific Ocean,Necropsy,145,-0.2629610566045594,Crustaceans,0,1,1,1,1,0,0,0,0,1,Skimming,0,0,0,1,0,0,1,0,2,2,1
Pachyptila belcheri,Pachyptila_belcheri,Procellariiformes,Procellariidae,1,Roman et al. 2019,2002,South Pacific Ocean,Necropsy,145,-0.2629610566045594,Crustaceans,0,1,1,1,1,0,0,0,0,1,Skimming,0,0,0,1,0,0,1,0,2,2,1
Pachyptila belcheri,Pachyptila_belcheri,Procellariiformes,Procellariidae,1,Roman et al. 2019,2016,South Pacific Ocean,Necropsy,145,-0.2629610566045594,Crustaceans,0,1,1,1,1,0,0,0,0,1,Skimming,0,0,0,1,0,0,1,0,37,63,0.5873015873015873
Pachyptila belcheri,Pachyptila_belcheri,Procellariiformes,Procellariidae,1,Tourinho et al. 2010,2007,South Pacific Ocean,Necropsy,145,-0.2629610566045594,Crustaceans,0,1,1,1,1,0,0,0,0,1,Skimming,0,0,0,1,0,0,1,0,0,1,0
Pachyptila belcheri,Pachyptila_belcheri,Procellariiformes,Procellariidae,1,"Yamashita et al., 2021",2016,South Pacific Ocean,Necropsy,145,-0.2629610566045594,Crustaceans,0,1,1,1,1,0,0,0,0,1,Skimming,0,0,0,1,0,0,1,0,3,3,1
Pachyptila belcheri,Pachyptila_belcheri,Procellariiformes,Procellariidae,NA,"Gallo et al., 2024",2019,South Atlantic Ocean,Necropsy,145,-0.2629610566045594,Crustaceans,0,1,1,1,1,0,0,0,0,1,Skimming,0,0,0,1,0,0,1,0,0,1,0
Pachyptila belcheri,Pachyptila_belcheri,Procellariiformes,Procellariidae,NA,Roman et al. 2019,2016,South Pacific Ocean,Necropsy,145,-0.2629610566045594,Crustaceans,0,1,1,1,1,0,0,0,0,1,Skimming,0,0,0,1,0,0,1,0,8,12,0.6666666666666666
Pachyptila belcheri,Pachyptila_belcheri,Procellariiformes,Procellariidae,NA,"Roman et al., 2019a",2015,Southern Ocean,Necropsy,145,-0.2629610566045594,Crustaceans,0,1,1,1,1,0,0,0,0,1,Skimming,0,0,0,1,0,0,1,0,49,79,0.620253164556962
Pachyptila belcheri,Pachyptila_belcheri,Procellariiformes,Procellariidae,NA,"Roman et al., 2020",2016,Indian Ocean,Necropsy,145,-0.2629610566045594,Crustaceans,0,1,1,1,1,0,0,0,0,1,Skimming,0,0,0,1,0,0,1,0,11,25,0.44
Pachyptila belcheri,Pachyptila_belcheri,Procellariiformes,Procellariidae,NA,Ryan 1987,1982,Indian Ocean,Necropsy,145,-0.2629610566045594,Crustaceans,0,1,1,1,1,0,0,0,0,1,Skimming,0,0,0,1,0,0,1,0,22,32,0.6875
Pachyptila belcheri,Pachyptila_belcheri,Procellariiformes,Procellariidae,NA,"do Nascimiento et al., 2023",2015.5,South Atlantic Ocean,Necropsy,145,-0.2629610566045594,Crustaceans,0,1,1,1,1,0,0,0,0,1,Skimming,0,0,0,1,0,0,1,0,0,8,0
Pachyptila desolata,Pachyptila_desolata,Procellariiformes,Procellariidae,1,Auman et al. 2004,2000.5,Indian Ocean,Necropsy,147,-0.2624961630640563,Crustaceans,0,1,1,1,0,0,0,0,0,1,Skimming,0,0,0,1,0,1,1,0,2,2,1
Pachyptila desolata,Pachyptila_desolata,Procellariiformes,Procellariidae,1,Harper and Fowler 1987,1967.5,South Pacific Ocean,Necropsy,147,-0.2624961630640563,Crustaceans,0,1,1,1,0,0,0,0,0,1,Skimming,0,0,0,1,0,1,1,0,5,35,0.14285714285714285
Pachyptila desolata,Pachyptila_desolata,Procellariiformes,Procellariidae,1,Roman et al. 2016,2000,South Pacific Ocean,Necropsy,147,-0.2624961630640563,Crustaceans,0,1,1,1,0,0,0,0,0,1,Skimming,0,0,0,1,0,1,1,0,1,1,1
Pachyptila desolata,Pachyptila_desolata,Procellariiformes,Procellariidae,1,Roman et al. 2016,2008,South Pacific Ocean,Necropsy,147,-0.2624961630640563,Crustaceans,0,1,1,1,0,0,0,0,0,1,Skimming,0,0,0,1,0,1,1,0,0,1,0
Pachyptila desolata,Pachyptila_desolata,Procellariiformes,Procellariidae,1,Roman et al. 2016,2013,South Pacific Ocean,Necropsy,147,-0.2624961630640563,Crustaceans,0,1,1,1,0,0,0,0,0,1,Skimming,0,0,0,1,0,1,1,0,4,4,1
Pachyptila desolata,Pachyptila_desolata,Procellariiformes,Procellariidae,1,Roman et al. 2019,1999,South Pacific Ocean,Necropsy,147,-0.2624961630640563,Crustaceans,0,1,1,1,0,0,0,0,0,1,Skimming,0,0,0,1,0,1,1,0,1,1,1
Pachyptila desolata,Pachyptila_desolata,Procellariiformes,Procellariidae,1,Roman et al. 2019,2000,South Pacific Ocean,Necropsy,147,-0.2624961630640563,Crustaceans,0,1,1,1,0,0,0,0,0,1,Skimming,0,0,0,1,0,1,1,0,1,1,1
Pachyptila desolata,Pachyptila_desolata,Procellariiformes,Procellariidae,1,Roman et al. 2019,2008,South Pacific Ocean,Necropsy,147,-0.2624961630640563,Crustaceans,0,1,1,1,0,0,0,0,0,1,Skimming,0,0,0,1,0,1,1,0,0,1,0
Pachyptila desolata,Pachyptila_desolata,Procellariiformes,Procellariidae,1,Roman et al. 2019,2013,South Pacific Ocean,Necropsy,147,-0.2624961630640563,Crustaceans,0,1,1,1,0,0,0,0,0,1,Skimming,0,0,0,1,0,1,1,0,1,1,1
Pachyptila desolata,Pachyptila_desolata,Procellariiformes,Procellariidae,1,Roman et al. 2019,2015,South Pacific Ocean,Necropsy,147,-0.2624961630640563,Crustaceans,0,1,1,1,0,0,0,0,0,1,Skimming,0,0,0,1,0,1,1,0,1,1,1
Pachyptila desolata,Pachyptila_desolata,Procellariiformes,Procellariidae,1,Roman et al. 2019,2016,South Pacific Ocean,Necropsy,147,-0.2624961630640563,Crustaceans,0,1,1,1,0,0,0,0,0,1,Skimming,0,0,0,1,0,1,1,0,6,8,0.75
Pachyptila desolata,Pachyptila_desolata,Procellariiformes,Procellariidae,NA,Day et al. 1984,1973,South Pacific Ocean,Necropsy,147,-0.2624961630640563,Crustaceans,0,1,1,1,0,0,0,0,0,1,Skimming,0,0,0,1,0,1,1,0,0,0,0
Pachyptila desolata,Pachyptila_desolata,Procellariiformes,Procellariidae,NA,Roman et al. 2019,2016,South Pacific Ocean,Necropsy,147,-0.2624961630640563,Crustaceans,0,1,1,1,0,0,0,0,0,1,Skimming,0,0,0,1,0,1,1,0,0,2,0
Pachyptila desolata,Pachyptila_desolata,Procellariiformes,Procellariidae,NA,"Roman et al., 2019a",2015,Southern Ocean,Necropsy,147,-0.2624961630640563,Crustaceans,0,1,1,1,0,0,0,0,0,1,Skimming,0,0,0,1,0,1,1,0,12,17,0.7058823529411765
Pachyptila desolata,Pachyptila_desolata,Procellariiformes,Procellariidae,NA,Ryan 1987,1982,Indian Ocean,Necropsy,147,-0.2624961630640563,Crustaceans,0,1,1,1,0,0,0,0,0,1,Skimming,0,0,0,1,0,1,1,0,52,88,0.5909090909090909
Pachyptila desolata,Pachyptila_desolata,Procellariiformes,Procellariidae,NA,"do Nascimiento, 2022",2018,South Atlantic Ocean,Necropsy,147,-0.2624961630640563,Crustaceans,0,1,1,1,0,0,0,0,0,1,Skimming,0,0,0,1,0,1,1,0,1,1,1
Pachyptila salvini,Pachyptila_salvini,Procellariiformes,Procellariidae,1,Harper and Fowler 1987,1967.5,South Pacific Ocean,Necropsy,159,-0.259706801821038,Crustaceans,0,1,1,1,1,0,0,0,0,1,Skimming,0,0,0,1,0,1,1,0,133,663,0.20060331825037708
Pachyptila salvini,Pachyptila_salvini,Procellariiformes,Procellariidae,1,Roman et al. 2016,2002,South Pacific Ocean,Necropsy,159,-0.259706801821038,Crustaceans,0,1,1,1,1,0,0,0,0,1,Skimming,0,0,0,1,0,1,1,0,1,2,0.5
Pachyptila salvini,Pachyptila_salvini,Procellariiformes,Procellariidae,1,Roman et al. 2016,2008,South Pacific Ocean,Necropsy,159,-0.259706801821038,Crustaceans,0,1,1,1,1,0,0,0,0,1,Skimming,0,0,0,1,0,1,1,0,1,1,1
Pachyptila salvini,Pachyptila_salvini,Procellariiformes,Procellariidae,1,Roman et al. 2016,2013,South Pacific Ocean,Necropsy,159,-0.259706801821038,Crustaceans,0,1,1,1,1,0,0,0,0,1,Skimming,0,0,0,1,0,1,1,0,1,1,1
Pachyptila salvini,Pachyptila_salvini,Procellariiformes,Procellariidae,1,Roman et al. 2019,2002,South Pacific Ocean,Necropsy,159,-0.259706801821038,Crustaceans,0,1,1,1,1,0,0,0,0,1,Skimming,0,0,0,1,0,1,1,0,1,2,0.5
Pachyptila salvini,Pachyptila_salvini,Procellariiformes,Procellariidae,1,Roman et al. 2019,2008,South Pacific Ocean,Necropsy,159,-0.259706801821038,Crustaceans,0,1,1,1,1,0,0,0,0,1,Skimming,0,0,0,1,0,1,1,0,1,1,1
Pachyptila salvini,Pachyptila_salvini,Procellariiformes,Procellariidae,1,Roman et al. 2019,2016,South Pacific Ocean,Necropsy,159,-0.259706801821038,Crustaceans,0,1,1,1,1,0,0,0,0,1,Skimming,0,0,0,1,0,1,1,0,8,10,0.8
Pachyptila salvini,Pachyptila_salvini,Procellariiformes,Procellariidae,NA,Roman et al. 2019,2016,South Pacific Ocean,Necropsy,159,-0.259706801821038,Crustaceans,0,1,1,1,1,0,0,0,0,1,Skimming,0,0,0,1,0,1,1,0,6,10,0.6
Pachyptila salvini,Pachyptila_salvini,Procellariiformes,Procellariidae,NA,"Roman et al., 2019a",2015,Southern Ocean,Necropsy,159,-0.259706801821038,Crustaceans,0,1,1,1,1,0,0,0,0,1,Skimming,0,0,0,1,0,1,1,0,17,24,0.7083333333333334
Pachyptila salvini,Pachyptila_salvini,Procellariiformes,Procellariidae,NA,Ryan 1987,1982,Indian Ocean,Necropsy,159,-0.259706801821038,Crustaceans,0,1,1,1,1,0,0,0,0,1,Skimming,0,0,0,1,0,1,1,0,16,31,0.5161290322580645
Pachyptila turtur,Pachyptila_turtur,Procellariiformes,Procellariidae,1,Harper and Fowler 1987,1967.5,South Pacific Ocean,Necropsy,137,-0.26482063076657164,Crustaceans,0,1,1,1,1,0,0,0,0,1,Skimming,0,0,0,1,0,0,1,0,300,819,0.3663003663003663
Pachyptila turtur,Pachyptila_turtur,Procellariiformes,Procellariidae,1,"Lavers et al., 2022",2022,South Pacific Ocean,Necropsy,137,-0.26482063076657164,Crustaceans,0,1,1,1,1,0,0,0,0,1,Skimming,0,0,0,1,0,0,1,0,0,34,0
Pachyptila turtur,Pachyptila_turtur,Procellariiformes,Procellariidae,1,Roman et al. 2016,2000,South Pacific Ocean,Necropsy,137,-0.26482063076657164,Crustaceans,0,1,1,1,1,0,0,0,0,1,Skimming,0,0,0,1,0,0,1,0,1,1,1
Pachyptila turtur,Pachyptila_turtur,Procellariiformes,Procellariidae,1,Roman et al. 2016,2001,South Pacific Ocean,Necropsy,137,-0.26482063076657164,Crustaceans,0,1,1,1,1,0,0,0,0,1,Skimming,0,0,0,1,0,0,1,0,1,1,1
Pachyptila turtur,Pachyptila_turtur,Procellariiformes,Procellariidae,1,Roman et al. 2016,2008,South Pacific Ocean,Necropsy,137,-0.26482063076657164,Crustaceans,0,1,1,1,1,0,0,0,0,1,Skimming,0,0,0,1,0,0,1,0,1,2,0.5
Pachyptila turtur,Pachyptila_turtur,Procellariiformes,Procellariidae,1,Roman et al. 2016,2013,South Pacific Ocean,Necropsy,137,-0.26482063076657164,Crustaceans,0,1,1,1,1,0,0,0,0,1,Skimming,0,0,0,1,0,0,1,0,17,66,0.25757575757575757
Pachyptila turtur,Pachyptila_turtur,Procellariiformes,Procellariidae,1,Roman et al. 2019,2000,South Pacific Ocean,Necropsy,137,-0.26482063076657164,Crustaceans,0,1,1,1,1,0,0,0,0,1,Skimming,0,0,0,1,0,0,1,0,1,1,1
Pachyptila turtur,Pachyptila_turtur,Procellariiformes,Procellariidae,1,Roman et al. 2019,2001,South Pacific Ocean,Necropsy,137,-0.26482063076657164,Crustaceans,0,1,1,1,1,0,0,0,0,1,Skimming,0,0,0,1,0,0,1,0,1,1,1
Pachyptila turtur,Pachyptila_turtur,Procellariiformes,Procellariidae,1,Roman et al. 2019,2005,South Pacific Ocean,Necropsy,137,-0.26482063076657164,Crustaceans,0,1,1,1,1,0,0,0,0,1,Skimming,0,0,0,1,0,0,1,0,0,1,0
Pachyptila turtur,Pachyptila_turtur,Procellariiformes,Procellariidae,1,Roman et al. 2019,2008,South Pacific Ocean,Necropsy,137,-0.26482063076657164,Crustaceans,0,1,1,1,1,0,0,0,0,1,Skimming,0,0,0,1,0,0,1,0,1,2,0.5
Pachyptila turtur,Pachyptila_turtur,Procellariiformes,Procellariidae,1,Roman et al. 2019,2013,Indian Ocean,Necropsy,137,-0.26482063076657164,Crustaceans,0,1,1,1,1,0,0,0,0,1,Skimming,0,0,0,1,0,0,1,0,0,2,0
Pachyptila turtur,Pachyptila_turtur,Procellariiformes,Procellariidae,1,Roman et al. 2019,2013,South Pacific Ocean,Necropsy,137,-0.26482063076657164,Crustaceans,0,1,1,1,1,0,0,0,0,1,Skimming,0,0,0,1,0,0,1,0,15,47,0.3191489361702128
Pachyptila turtur,Pachyptila_turtur,Procellariiformes,Procellariidae,1,Roman et al. 2019,2015,South Pacific Ocean,Necropsy,137,-0.26482063076657164,Crustaceans,0,1,1,1,1,0,0,0,0,1,Skimming,0,0,0,1,0,0,1,0,1,7,0.14285714285714285
Pachyptila turtur,Pachyptila_turtur,Procellariiformes,Procellariidae,1,Roman et al. 2019,2016,Indian Ocean,Necropsy,137,-0.26482063076657164,Crustaceans,0,1,1,1,1,0,0,0,0,1,Skimming,0,0,0,1,0,0,1,0,1,1,1
Pachyptila turtur,Pachyptila_turtur,Procellariiformes,Procellariidae,1,Roman et al. 2019,2016,South Pacific Ocean,Necropsy,137,-0.26482063076657164,Crustaceans,0,1,1,1,1,0,0,0,0,1,Skimming,0,0,0,1,0,0,1,0,25,127,0.1968503937007874
Pachyptila turtur,Pachyptila_turtur,Procellariiformes,Procellariidae,1,Roman et al. 2019,2017,South Pacific Ocean,Necropsy,137,-0.26482063076657164,Crustaceans,0,1,1,1,1,0,0,0,0,1,Skimming,0,0,0,1,0,0,1,0,11,19,0.5789473684210527
Pachyptila turtur,Pachyptila_turtur,Procellariiformes,Procellariidae,1,"Yamashita et al., 2021",2016,South Pacific Ocean,Necropsy,137,-0.26482063076657164,Crustaceans,0,1,1,1,1,0,0,0,0,1,Skimming,0,0,0,1,0,0,1,0,5,5,1
Pachyptila turtur,Pachyptila_turtur,Procellariiformes,Procellariidae,NA,Day et al. 1984,1973,South Pacific Ocean,Necropsy,137,-0.26482063076657164,Crustaceans,0,1,1,1,1,0,0,0,0,1,Skimming,0,0,0,1,0,0,1,0,0,0,0
Pachyptila turtur,Pachyptila_turtur,Procellariiformes,Procellariidae,NA,Roman et al. 2019,2016,South Pacific Ocean,Necropsy,137,-0.26482063076657164,Crustaceans,0,1,1,1,1,0,0,0,0,1,Skimming,0,0,0,1,0,0,1,0,0,5,0
Pachyptila turtur,Pachyptila_turtur,Procellariiformes,Procellariidae,NA,"Roman et al., 2019a",2015,Southern Ocean,Necropsy,137,-0.26482063076657164,Crustaceans,0,1,1,1,1,0,0,0,0,1,Skimming,0,0,0,1,0,0,1,0,61,236,0.2584745762711864
Pachyptila turtur,Pachyptila_turtur,Procellariiformes,Procellariidae,NA,"Roman et al., 2020",2016,Indian Ocean,Necropsy,137,-0.26482063076657164,Crustaceans,0,1,1,1,1,0,0,0,0,1,Skimming,0,0,0,1,0,0,1,0,7,26,0.2692307692307692
Pachyptila vittata,Pachyptila_vittata,Procellariiformes,Procellariidae,1,Ainley et al. 1990a,1978,Southern Ocean,Necropsy,196,-0.2511062713217314,Crustaceans,0,1,1,1,0,0,0,0,0,1,Skimming,0,0,0,1,0,1,1,0,2,3,0.6666666666666666
Pachyptila vittata,Pachyptila_vittata,Procellariiformes,Procellariidae,1,Ainley et al. 1990a,1985.5,South Pacific Ocean,Necropsy,196,-0.2511062713217314,Crustaceans,0,1,1,1,0,0,0,0,0,1,Skimming,0,0,0,1,0,1,1,0,2,51,0.0392156862745098
Pachyptila vittata,Pachyptila_vittata,Procellariiformes,Procellariidae,1,Ainley et al. 1990a,1986,Southern Ocean,Necropsy,196,-0.2511062713217314,Crustaceans,0,1,1,1,0,0,0,0,0,1,Skimming,0,0,0,1,0,1,1,0,5,18,0.2777777777777778
Pachyptila vittata,Pachyptila_vittata,Procellariiformes,Procellariidae,1,Harper and Fowler 1987,1967.5,South Pacific Ocean,Necropsy,196,-0.2511062713217314,Crustaceans,0,1,1,1,0,0,0,0,0,1,Skimming,0,0,0,1,0,1,1,0,51,310,0.16451612903225807
Pachyptila vittata,Pachyptila_vittata,Procellariiformes,Procellariidae,1,"Perold et al., 2024",1988,South Atlantic Ocean,Bolus,196,-0.2511062713217314,Crustaceans,0,1,1,1,0,0,0,0,0,1,Skimming,0,0,0,1,0,1,1,0,103,219,0.4703196347031963
Pachyptila vittata,Pachyptila_vittata,Procellariiformes,Procellariidae,1,"Perold et al., 2024",2001.5,South Atlantic Ocean,Bolus,196,-0.2511062713217314,Crustaceans,0,1,1,1,0,0,0,0,0,1,Skimming,0,0,0,1,0,1,1,0,116,206,0.5631067961165048
Pachyptila vittata,Pachyptila_vittata,Procellariiformes,Procellariidae,1,"Perold et al., 2024",2011.5,South Atlantic Ocean,Bolus,196,-0.2511062713217314,Crustaceans,0,1,1,1,0,0,0,0,0,1,Skimming,0,0,0,1,0,1,1,0,117,198,0.5909090909090909
Pachyptila vittata,Pachyptila_vittata,Procellariiformes,Procellariidae,1,"Perold et al., 2024",2018,South Atlantic Ocean,Bolus,196,-0.2511062713217314,Crustaceans,0,1,1,1,0,0,0,0,0,1,Skimming,0,0,0,1,0,1,1,0,99,160,0.61875
Pachyptila vittata,Pachyptila_vittata,Procellariiformes,Procellariidae,1,Roman et al. 2016,2013,South Pacific Ocean,Necropsy,196,-0.2511062713217314,Crustaceans,0,1,1,1,0,0,0,0,0,1,Skimming,0,0,0,1,0,1,1,0,0,1,0
Pachyptila vittata,Pachyptila_vittata,Procellariiformes,Procellariidae,1,Roman et al. 2019,2011,South Pacific Ocean,Necropsy,196,-0.2511062713217314,Crustaceans,0,1,1,1,0,0,0,0,0,1,Skimming,0,0,0,1,0,1,1,0,0,1,0
Pachyptila vittata,Pachyptila_vittata,Procellariiformes,Procellariidae,1,Roman et al. 2019,2015,South Pacific Ocean,Necropsy,196,-0.2511062713217314,Crustaceans,0,1,1,1,0,0,0,0,0,1,Skimming,0,0,0,1,0,1,1,0,0,1,0
Pachyptila vittata,Pachyptila_vittata,Procellariiformes,Procellariidae,1,Roman et al. 2019,2016,South Pacific Ocean,Necropsy,196,-0.2511062713217314,Crustaceans,0,1,1,1,0,0,0,0,0,1,Skimming,0,0,0,1,0,1,1,0,3,11,0.2727272727272727
Pachyptila vittata,Pachyptila_vittata,Procellariiformes,Procellariidae,NA,Day et al. 1984,1973,South Pacific Ocean,Necropsy,196,-0.2511062713217314,Crustaceans,0,1,1,1,0,0,0,0,0,1,Skimming,0,0,0,1,0,1,1,0,0,0,0
Pachyptila vittata,Pachyptila_vittata,Procellariiformes,Procellariidae,NA,Furness 1985a,1983,South Pacific Ocean,Necropsy,196,-0.2511062713217314,Crustaceans,0,1,1,1,0,0,0,0,0,1,Skimming,0,0,0,1,0,1,1,0,12,31,0.3870967741935484
Pachyptila vittata,Pachyptila_vittata,Procellariiformes,Procellariidae,NA,Roman et al. 2019,2016,South Pacific Ocean,Necropsy,196,-0.2511062713217314,Crustaceans,0,1,1,1,0,0,0,0,0,1,Skimming,0,0,0,1,0,1,1,0,0,1,0
Pachyptila vittata,Pachyptila_vittata,Procellariiformes,Procellariidae,NA,"Roman et al., 2019a",2015,Southern Ocean,Necropsy,196,-0.2511062713217314,Crustaceans,0,1,1,1,0,0,0,0,0,1,Skimming,0,0,0,1,0,1,1,0,3,14,0.21428571428571427
Pachyptila vittata,Pachyptila_vittata,Procellariiformes,Procellariidae,NA,Ryan 1987,1982,Indian Ocean,Necropsy,196,-0.2511062713217314,Crustaceans,0,1,1,1,0,0,0,0,0,1,Skimming,0,0,0,1,0,1,1,0,41,137,0.29927007299270075
Pachyptila vittata,Pachyptila_vittata,Procellariiformes,Procellariidae,NA,"Ryan, 2008",1995,South Pacific Ocean,Necropsy,196,-0.2511062713217314,Crustaceans,0,1,1,1,0,0,0,0,0,1,Skimming,0,0,0,1,0,1,1,0,0,95,0
Pagodroma nivea,Pagodroma_nivea,Procellariiformes,Procellariidae,1,Ainley et al. 1990a,1978,Southern Ocean,Necropsy,268,-0.23437010386362137,Crustaceans,1,1,1,1,1,0,0,0,0,1,Surface.Seizing,0,0,1,1,1,0,1,1,0,108,0
Pagodroma nivea,Pagodroma_nivea,Procellariiformes,Procellariidae,1,Ainley et al. 1990a,1985.5,South Pacific Ocean,Necropsy,268,-0.23437010386362137,Crustaceans,1,1,1,1,1,0,0,0,0,1,Surface.Seizing,0,0,1,1,1,0,1,1,4,139,0.02877697841726619
Pagodroma nivea,Pagodroma_nivea,Procellariiformes,Procellariidae,1,Ainley et al. 1990a,1986,Southern Ocean,Necropsy,268,-0.23437010386362137,Crustaceans,1,1,1,1,1,0,0,0,0,1,Surface.Seizing,0,0,1,1,1,0,1,1,0,39,0
Pagodroma nivea,Pagodroma_nivea,Procellariiformes,Procellariidae,1,Ainley et al. 1990a,1986.5,Southern Ocean,Necropsy,268,-0.23437010386362137,Crustaceans,1,1,1,1,1,0,0,0,0,1,Surface.Seizing,0,0,1,1,1,0,1,1,0,77,0
Pagodroma nivea,Pagodroma_nivea,Procellariiformes,Procellariidae,1,Ainley et al. 1990a,1988,South Pacific Ocean,Necropsy,268,-0.23437010386362137,Crustaceans,1,1,1,1,1,0,0,0,0,1,Surface.Seizing,0,0,1,1,1,0,1,1,4,139,0.02877697841726619
Pagodroma nivea,Pagodroma_nivea,Procellariiformes,Procellariidae,1,van Franeker and Bell 1988,1985.5,Indian Ocean,Necropsy,268,-0.23437010386362137,Crustaceans,1,1,1,1,1,0,0,0,0,1,Surface.Seizing,0,0,1,1,1,0,1,1,1,27,0.037037037037037035
Pagodroma nivea,Pagodroma_nivea,Procellariiformes,Procellariidae,NA,Ryan 1987,1982,Southern Ocean,Necropsy,268,-0.23437010386362137,Crustaceans,1,1,1,1,1,0,0,0,0,1,Surface.Seizing,0,0,1,1,1,0,1,1,1,22,0.045454545454545456
Pagophila eburnea,Pagophila_eburnea,Charadriiformes,Laridae,NA,Day et al. 1984/Day 1980,1973,North Pacific Ocean,Necropsy,550,-0.16882011465269026,Fish,1,1,0,1,1,1,0,1,1,1,Surface.Seizing,0,0,0,1,1,0,1,1,0,1,0
Pelagodroma marina,Pelagodroma_marina,Procellariiformes,Oceanitidae,1,Ainley et al. 1990b,1986,Southern Ocean,Necropsy,47.2,-0.2856943507351589,Crustaceans,0,1,1,1,1,1,0,0,1,1,Surface.Seizing,0,0,0,0,1,0,1,0,9,13,0.6923076923076923
Pelagodroma marina,Pelagodroma_marina,Procellariiformes,Oceanitidae,1,"Karmalkar et al., 2023",2021,South Pacific Ocean,Regurgitation,47.2,-0.2856943507351589,Crustaceans,0,1,1,1,1,1,0,0,1,1,Surface.Seizing,0,0,0,0,1,0,1,0,3,74,0.04054054054054054
Pelagodroma marina,Pelagodroma_marina,Procellariiformes,Oceanitidae,1,Roman et al. 2019,2016,South Pacific Ocean,Necropsy,47.2,-0.2856943507351589,Crustaceans,0,1,1,1,1,1,0,0,1,1,Surface.Seizing,0,0,0,0,1,0,1,0,2,2,1
Pelagodroma marina,Pelagodroma_marina,Procellariiformes,Oceanitidae,1,Spear et al. 1995,1987.5,South Pacific Ocean,Necropsy,47.2,-0.2856943507351589,Crustaceans,0,1,1,1,1,1,0,0,1,1,Surface.Seizing,0,0,0,0,1,0,1,0,11,15,0.7333333333333333
Pelagodroma marina,Pelagodroma_marina,Procellariiformes,Oceanitidae,NA,Furness 1985a,1983,South Pacific Ocean,Necropsy,47.2,-0.2856943507351589,Crustaceans,0,1,1,1,1,1,0,0,1,1,Surface.Seizing,0,0,0,0,1,0,1,0,16,19,0.8421052631578947
Pelagodroma marina,Pelagodroma_marina,Procellariiformes,Oceanitidae,NA,Furtado et al. 2016,2014,North Atlantic Ocean,Bolus,47.2,-0.2856943507351589,Crustaceans,0,1,1,1,1,1,0,0,1,1,Surface.Seizing,0,0,0,0,1,0,1,0,208,263,0.7908745247148289
Pelagodroma marina,Pelagodroma_marina,Procellariiformes,Oceanitidae,NA,"Perold et al., 2024",1988,South Atlantic Ocean,Bolus,47.2,-0.2856943507351589,Crustaceans,0,1,1,1,1,1,0,0,1,1,Surface.Seizing,0,0,0,0,1,0,1,0,206,307,0.6710097719869706
Pelagodroma marina,Pelagodroma_marina,Procellariiformes,Oceanitidae,NA,"Perold et al., 2024",2001.5,South Atlantic Ocean,Bolus,47.2,-0.2856943507351589,Crustaceans,0,1,1,1,1,1,0,0,1,1,Surface.Seizing,0,0,0,0,1,0,1,0,129,170,0.7588235294117647
Pelagodroma marina,Pelagodroma_marina,Procellariiformes,Oceanitidae,NA,"Perold et al., 2024",2011.5,South Atlantic Ocean,Bolus,47.2,-0.2856943507351589,Crustaceans,0,1,1,1,1,1,0,0,1,1,Surface.Seizing,0,0,0,0,1,0,1,0,194,242,0.8016528925619835
Pelagodroma marina,Pelagodroma_marina,Procellariiformes,Oceanitidae,NA,"Perold et al., 2024",2018,South Atlantic Ocean,Bolus,47.2,-0.2856943507351589,Crustaceans,0,1,1,1,1,1,0,0,1,1,Surface.Seizing,0,0,0,0,1,0,1,0,146,195,0.7487179487179487
Pelagodroma marina,Pelagodroma_marina,Procellariiformes,Oceanitidae,NA,Roman et al. 2019,2016,South Pacific Ocean,Necropsy,47.2,-0.2856943507351589,Crustaceans,0,1,1,1,1,1,0,0,1,1,Surface.Seizing,0,0,0,0,1,0,1,0,3,3,1
Pelagodroma marina,Pelagodroma_marina,Procellariiformes,Oceanitidae,NA,"Roman et al., 2019a",2015,Southern Ocean,Necropsy,47.2,-0.2856943507351589,Crustaceans,0,1,1,1,1,1,0,0,1,1,Surface.Seizing,0,0,0,0,1,0,1,0,6,6,1
Pelagodroma marina,Pelagodroma_marina,Procellariiformes,Oceanitidae,NA,Ryan 1987,1982,Indian Ocean,Necropsy,47.2,-0.2856943507351589,Crustaceans,0,1,1,1,1,1,0,0,1,1,Surface.Seizing,0,0,0,0,1,0,1,0,21,24,0.875
Pelagodroma marina,Pelagodroma_marina,Procellariiformes,Oceanitidae,NA,"Ryan, 2008",2005,South Pacific Ocean,Necropsy,47.2,-0.2856943507351589,Crustaceans,0,1,1,1,1,1,0,0,1,1,Surface.Seizing,0,0,0,0,1,0,1,0,0,50,0
Pelecanoides georgicus,Pelecanoides_georgicus,Procellariiformes,Procellariidae,1,Auman et al. 2004,2000.5,Indian Ocean,Necropsy,121,-0.26853977909059606,Crustaceans,0,1,1,1,1,0,0,0,0,1,Diving,0,0,1,0,0,0,0,0,0,10,0
Pelecanoides georgicus,Pelecanoides_georgicus,Procellariiformes,Procellariidae,1,Ryan 1987,1982,Indian Ocean,Necropsy,121,-0.26853977909059606,Crustaceans,0,1,1,1,1,0,0,0,0,1,Diving,0,0,1,0,0,0,0,0,0,2,0
Pelecanoides georgicus,Pelecanoides_georgicus,Procellariiformes,Procellariidae,NA,"Roman et al., 2019a",2015,Southern Ocean,Necropsy,121,-0.26853977909059606,Crustaceans,0,1,1,1,1,0,0,0,0,1,Diving,0,0,1,0,0,0,0,0,0,2,0
Pelecanoides magellani,Pelecanoides_magellani,Procellariiformes,Procellariidae,NA,Ryan 1987,1982,South Pacific Ocean,Necropsy,134,-0.2655179710773262,Crustaceans,0,1,0,1,0,0,0,0,0,1,Diving,0,0,1,0,0,0,0,0,0,1,0
Pelecanoides urinatrix,Pelecanoides_urinatrix,Procellariiformes,Procellariidae,1,Ainley et al. 1990a,1985.5,South Pacific Ocean,Necropsy,141,-0.26389084368556553,Crustaceans,0,0,1,1,1,0,0,0,0,1,Diving,0,0,1,0,0,0,0,0,0,4,0
Pelecanoides urinatrix,Pelecanoides_urinatrix,Procellariiformes,Procellariidae,1,Roman et al. 2016,2013,South Pacific Ocean,Necropsy,141,-0.26389084368556553,Crustaceans,0,0,1,1,1,0,0,0,0,1,Diving,0,0,1,0,0,0,0,0,0,1,0
Pelecanoides urinatrix,Pelecanoides_urinatrix,Procellariiformes,Procellariidae,1,Roman et al. 2019,2013,South Pacific Ocean,Necropsy,141,-0.26389084368556553,Crustaceans,0,0,1,1,1,0,0,0,0,1,Diving,0,0,1,0,0,0,0,0,0,1,0
Pelecanoides urinatrix,Pelecanoides_urinatrix,Procellariiformes,Procellariidae,1,Roman et al. 2019,2015,South Pacific Ocean,Necropsy,141,-0.26389084368556553,Crustaceans,0,0,1,1,1,0,0,0,0,1,Diving,0,0,1,0,0,0,0,0,0,3,0
Pelecanoides urinatrix,Pelecanoides_urinatrix,Procellariiformes,Procellariidae,1,Roman et al. 2019,2016,South Pacific Ocean,Necropsy,141,-0.26389084368556553,Crustaceans,0,0,1,1,1,0,0,0,0,1,Diving,0,0,1,0,0,0,0,0,1,15,0.06666666666666667
Pelecanoides urinatrix,Pelecanoides_urinatrix,Procellariiformes,Procellariidae,1,Ryan 1987,1982,Indian Ocean,Necropsy,141,-0.26389084368556553,Crustaceans,0,0,1,1,1,0,0,0,0,1,Diving,0,0,1,0,0,0,0,0,1,53,0.018867924528301886
Pelecanoides urinatrix,Pelecanoides_urinatrix,Procellariiformes,Procellariidae,NA,Furness 1985a,1983,South Pacific Ocean,Necropsy,141,-0.26389084368556553,Crustaceans,0,0,1,1,1,0,0,0,0,1,Diving,0,0,1,0,0,0,0,0,0,19,0
Pelecanoides urinatrix,Pelecanoides_urinatrix,Procellariiformes,Procellariidae,NA,Roman et al. 2019,2013,Indian Ocean,Necropsy,141,-0.26389084368556553,Crustaceans,0,0,1,1,1,0,0,0,0,1,Diving,0,0,1,0,0,0,0,0,0,1,0
Pelecanoides urinatrix,Pelecanoides_urinatrix,Procellariiformes,Procellariidae,NA,Roman et al. 2019,2016,South Pacific Ocean,Necropsy,141,-0.26389084368556553,Crustaceans,0,0,1,1,1,0,0,0,0,1,Diving,0,0,1,0,0,0,0,0,1,6,0.16666666666666666
Pelecanoides urinatrix,Pelecanoides_urinatrix,Procellariiformes,Procellariidae,NA,"Roman et al., 2019a",2015,Southern Ocean,Necropsy,141,-0.26389084368556553,Crustaceans,0,0,1,1,1,0,0,0,0,1,Diving,0,0,1,0,0,0,0,0,4,62,0.06451612903225806
Pelecanus conspicillatus,Pelecanus_conspicillatus,Pelecaniformes,Pelecanidae,1,Roman et al. 2016,2013,South Pacific Ocean,Necropsy,5400,0.9585467210672238,Fish,1,1,0,1,1,0,0,0,0,0,Plunging,0,0,0,1,0,0,0,1,4,17,0.23529411764705882
Pelecanus erythrorhynchos,Pelecanus_erythrorhynchos,Pelecaniformes,Pelecanidae,NA,"Schutten et al., 2024",2021,North Atlantic Ocean,Necropsy,5649.5,1.0165421902449803,Fish,1,1,0,0,1,0,0,0,0,0,Surface.Seizing,0,0,0,0,0,0,1,0,0,2,0
Pelecanus occidentalis,Pelecanus_occidentalis,Pelecaniformes,Pelecanidae,NA,"Clark, 2021",2020,North Atlantic Ocean,Necropsy,3438,0.5024861578337246,Fish,0,1,0,0,0,0,0,0,0,0,Plunging,0,0,0,1,0,0,0,1,12,12,1
Phaethon aethereus,Phaethon_aethereus,Phaethontiformes,Phaethontidae,NA,"Matos et al., 2024b",2021.5,North Atlantic Ocean,Scat,750,-0.12233076060238453,Fish,0,1,1,1,0,0,0,0,0,1,Plunging,0,0,0,1,0,0,1,0,31,61,0.5081967213114754
Phaethon aethereus,Phaethon_aethereus,Phaethontiformes,Phaethontidae,NA,"Silva, 2022",2021,North Atlantic Ocean,Scat,750,-0.12233076060238453,Fish,0,1,1,1,0,0,0,0,0,1,Plunging,0,0,0,1,0,0,1,0,22,34,0.6470588235294118
Phaethon aethereus,Phaethon_aethereus,Phaethontiformes,Phaethontidae,NA,"Vanstreels et al., 2021",2020,South Atlantic Ocean,Necropsy,750,-0.12233076060238453,Fish,0,1,1,1,0,0,0,0,0,1,Plunging,0,0,0,1,0,0,1,0,0,1,0
Phaethon lepturus,Phaethon_lepturus,Phaethontiformes,Phaethontidae,1,Ainley et al. 1990b,1986,Southern Ocean,Necropsy,334,-0.21902861702702048,Fish,0,1,1,1,0,0,0,0,0,1,Plunging,0,0,0,1,0,0,1,0,0,1,0
Phaethon lepturus,Phaethon_lepturus,Phaethontiformes,Phaethontidae,1,Hyrenbach et al. 2013,2011,North Pacific Ocean,Necropsy,334,-0.21902861702702048,Fish,0,1,1,1,0,0,0,0,0,1,Plunging,0,0,0,1,0,0,1,0,1,3,0.3333333333333333
Phaethon lepturus,Phaethon_lepturus,Phaethontiformes,Phaethontidae,1,Roman et al. 2016,2013,South Pacific Ocean,Necropsy,334,-0.21902861702702048,Fish,0,1,1,1,0,0,0,0,0,1,Plunging,0,0,0,1,0,0,1,0,0,2,0
Phaethon lepturus,Phaethon_lepturus,Phaethontiformes,Phaethontidae,NA,"Cartraud et al., 2019",2009,Indian Ocean,Necropsy,334,-0.21902861702702048,Fish,0,1,1,1,0,0,0,0,0,1,Plunging,0,0,0,1,0,0,1,0,10,35,0.2857142857142857
Phaethon rubricauda,Phaethon_rubricauda,Phaethontiformes,Phaethontidae,1,Ainley et al. 1990b,1986,Southern Ocean,Necropsy,659,-0.14348341669527365,Fish,0,1,1,1,0,0,0,0,0,1,Plunging,0,0,0,1,0,0,1,0,0,2,0
Phaethon rubricauda,Phaethon_rubricauda,Phaethontiformes,Phaethontidae,1,Rapp et al. 2017,2009.5,North Pacific Ocean,Necropsy,659,-0.14348341669527365,Fish,0,1,1,1,0,0,0,0,0,1,Plunging,0,0,0,1,0,0,1,0,0,2,0
Phaethon rubricauda,Phaethon_rubricauda,Phaethontiformes,Phaethontidae,1,Robards 1993,1990.5,North Pacific Ocean,Necropsy,659,-0.14348341669527365,Fish,0,1,1,1,0,0,0,0,0,1,Plunging,0,0,0,1,0,0,1,0,0,1,0
Phaethon rubricauda,Phaethon_rubricauda,Phaethontiformes,Phaethontidae,1,Roman et al. 2016,2013,South Pacific Ocean,Necropsy,659,-0.14348341669527365,Fish,0,1,1,1,0,0,0,0,0,1,Plunging,0,0,0,1,0,0,1,0,0,3,0
Phaethon rubricauda,Phaethon_rubricauda,Phaethontiformes,Phaethontidae,1,Sileo et al. 1990a,1986,North Pacific Ocean,Lavage,659,-0.14348341669527365,Fish,0,1,1,1,0,0,0,0,0,1,Plunging,0,0,0,1,0,0,1,0,0,8,0
Phaethon rubricauda,Phaethon_rubricauda,Phaethontiformes,Phaethontidae,1,Sileo et al. 1990a,1987,North Pacific Ocean,Lavage,659,-0.14348341669527365,Fish,0,1,1,1,0,0,0,0,0,1,Plunging,0,0,0,1,0,0,1,0,2,39,0.05128205128205128
Phaethon rubricauda,Phaethon_rubricauda,Phaethontiformes,Phaethontidae,1,Spear et al. 1995,1987.5,South Pacific Ocean,Necropsy,659,-0.14348341669527365,Fish,0,1,1,1,0,0,0,0,0,1,Plunging,0,0,0,1,0,0,1,0,0,6,0
Phaethon rubricauda,Phaethon_rubricauda,Phaethontiformes,Phaethontidae,NA,Day et al. 1984/Harrison et al. 1983,1979.5,North Pacific Ocean,Bolus,659,-0.14348341669527365,Fish,0,1,1,1,0,0,0,0,0,1,Plunging,0,0,0,1,0,0,1,0,0,270,0
Phalacrocorax capensis,Phalacrocorax_capensis,Suliformes,Phalacrocoracidae,NA,Ryan 1987,1982,Indian Ocean,Necropsy,1217,-0.013778118894920617,Fish,0,1,1,1,0,0,0,0,0,1,Diving,0,0,1,0,0,0,0,0,0,239,0
Phalacrocorax carbo,Phalacrocorax_carbo,Suliformes,Phalacrocoracidae,1,"Benjaminsen et al., 2024",2012,Arctic Ocean,Necropsy,2302.414185,0.23852290279352467,Fish,1,1,1,1,0,0,0,0,0,0,Diving,0,1,1,0,0,0,0,0,0,8,0
Phalacrocorax carbo,Phalacrocorax_carbo,Suliformes,Phalacrocoracidae,1,"Benjaminsen, 2021",2012,Arctic Ocean,Necropsy,2302.414185,0.23852290279352467,Fish,1,1,1,1,0,0,0,0,0,0,Diving,0,1,1,0,0,0,0,0,0,8,0
Phalacrocorax carbo,Phalacrocorax_carbo,Suliformes,Phalacrocoracidae,1,Nicastro et al. 2018,2015,North Atlantic Ocean,Necropsy,2302.414185,0.23852290279352467,Fish,1,1,1,1,0,0,0,0,0,0,Diving,0,1,1,0,0,0,0,0,0,1,0
Phalacrocorax carbo,Phalacrocorax_carbo,Suliformes,Phalacrocoracidae,NA,Acampora et al. 2017a,2013,North Atlantic Ocean,Bolus,2302.414185,0.23852290279352467,Fish,1,1,1,1,0,0,0,0,0,0,Diving,0,1,1,0,0,0,0,0,3,92,0.03260869565217391
Phalacrocorax carbo,Phalacrocorax_carbo,Suliformes,Phalacrocoracidae,NA,"Basto et al., 2019",2012,North Atlantic Ocean,Necropsy,2302.414185,0.23852290279352467,Fish,1,1,1,1,0,0,0,0,0,0,Diving,0,1,1,0,0,0,0,0,1,1,1
Phalacrocorax carbo,Phalacrocorax_carbo,Suliformes,Phalacrocoracidae,NA,"Franco et al., 2019",2017,North Atlantic Ocean,Necropsy,2302.414185,0.23852290279352467,Fish,1,1,1,1,0,0,0,0,0,0,Diving,0,1,1,0,0,0,0,0,0,4,0
Phalacrocorax carbo,Phalacrocorax_carbo,Suliformes,Phalacrocoracidae,NA,"Nam et al., 2021",2012.5,North Pacific Ocean,Necropsy,2302.414185,0.23852290279352467,Fish,1,1,1,1,0,0,0,0,0,0,Diving,0,1,1,0,0,0,0,0,0,1,0
Phalacrocorax carbo,Phalacrocorax_carbo,Suliformes,Phalacrocoracidae,NA,Nicastro et al. 2018,2015,North Atlantic Ocean,Necropsy,2302.414185,0.23852290279352467,Fish,1,1,1,1,0,0,0,0,0,0,Diving,0,1,1,0,0,0,0,0,0,1,0
Phalacrocorax carbo,Phalacrocorax_carbo,Suliformes,Phalacrocoracidae,NA,"Toda et al., 1994",1991.5,North Pacific Ocean,Necropsy,2302.414185,0.23852290279352467,Fish,1,1,1,1,0,0,0,0,0,0,Diving,0,1,1,0,0,0,0,0,0,5,0
Phalacrocorax neglectus,Phalacrocorax_neglectus,Suliformes,Phalacrocoracidae,NA,Ryan 1987,1982,Indian Ocean,Necropsy,1950.5,0.1567215870845757,Fish,0,1,1,1,0,0,0,0,0,1,Diving,0,1,1,0,0,0,0,0,1,167,0.005988023952095809
Phalacrocorax varius,Phalacrocorax_varius,Suliformes,Phalacrocoracidae,NA,"Gilbert et al., 2016",2011.5,South Pacific Ocean,Necropsy,1955.5,0.15788382093583334,Fish,0,1,1,1,0,0,0,0,0,0,Diving,0,0,1,0,0,0,0,0,1,7,0.14285714285714285
Phalaropus fulicarius,Phalaropus_fulicarius,Charadriiformes,Scolopacidae,1,Drever et al 2018,2016,North Pacific Ocean,Necropsy,55.95,-0.283660441495458,Other.Inverts,0,0,0,1,1,0,0,0,0,1,Surface.Seizing,0,0,0,0,0,0,1,0,9,9,1
Phalaropus fulicarius,Phalaropus_fulicarius,Charadriiformes,Scolopacidae,1,Robards 1993,1990.5,North Pacific Ocean,Necropsy,55.95,-0.283660441495458,Other.Inverts,0,0,0,1,1,0,0,0,0,1,Surface.Seizing,0,0,0,0,0,0,1,0,1,1,1
Phalaropus fulicarius,Phalaropus_fulicarius,Charadriiformes,Scolopacidae,NA,Connors and Smith 1982,1980,North Pacific Ocean,Necropsy,55.95,-0.283660441495458,Other.Inverts,0,0,0,1,1,0,0,0,0,1,Surface.Seizing,0,0,0,0,0,0,1,0,0,0,0
Phalaropus fulicarius,Phalaropus_fulicarius,Charadriiformes,Scolopacidae,NA,Day et al. 1984/Connors and Smith 82,1979,North Pacific Ocean,Necropsy,55.95,-0.283660441495458,Other.Inverts,0,0,0,1,1,0,0,0,0,1,Surface.Seizing,0,0,0,0,0,0,1,0,1,4,0.25
Phalaropus fulicarius,Phalaropus_fulicarius,Charadriiformes,Scolopacidae,NA,Day et al. 1984/Connors and Smith 82,1980,North Pacific Ocean,Necropsy,55.95,-0.283660441495458,Other.Inverts,0,0,0,1,1,0,0,0,0,1,Surface.Seizing,0,0,0,0,0,0,1,0,6,7,0.8571428571428571
Phalaropus fulicarius,Phalaropus_fulicarius,Charadriiformes,Scolopacidae,NA,Ryan 1987,1982,Indian Ocean,Necropsy,55.95,-0.283660441495458,Other.Inverts,0,0,0,1,1,0,0,0,0,1,Surface.Seizing,0,0,0,0,0,0,1,0,0,2,0
Phalaropus lobatus,Phalaropus_lobatus,Charadriiformes,Scolopacidae,NA,Day et al. 1984/Day 1980,1973,North Pacific Ocean,Necropsy,36.75,-0.2881234194842874,Other.Inverts,0,0,0,1,1,0,0,0,0,0,Surface.Seizing,0,0,0,0,0,0,1,0,2,3,0.6666666666666666
Phoebastria albatrus,Phoebastria_albatrus,Procellariiformes,Diomedeidae,NA,Donnelly-Greenan et al. 2018,2004.5,North Pacific Ocean,Necropsy,4411,0.7286568652884621,Cephalopods,0,1,1,0,0,1,0,0,1,1,Surface.Seizing,0,0,0,0,1,0,1,0,4,6,0.6666666666666666
Phoebastria immutabilis,Phoebastria_immutabilis,Procellariiformes,Diomedeidae,1,Fry et al. 1987,1982.5,North Atlantic Ocean,Necropsy,3150,0.4355414880012844,Cephalopods,1,1,1,1,0,0,0,0,0,1,Surface.Seizing,0,0,0,0,1,0,1,0,2,4,0.5
Phoebastria immutabilis,Phoebastria_immutabilis,Procellariiformes,Diomedeidae,1,Gray et al. 2012,2007,North Pacific Ocean,Necropsy,3150,0.4355414880012844,Cephalopods,1,1,1,1,0,0,0,0,0,1,Surface.Seizing,0,0,0,0,1,0,1,0,15,18,0.8333333333333334
Phoebastria immutabilis,Phoebastria_immutabilis,Procellariiformes,Diomedeidae,1,Kinan and Cousins 2000,1999,North Pacific Ocean,Regurgitation,3150,0.4355414880012844,Cephalopods,1,1,1,1,0,0,0,0,0,1,Surface.Seizing,0,0,0,0,1,0,1,0,0,0,0
Phoebastria immutabilis,Phoebastria_immutabilis,Procellariiformes,Diomedeidae,1,Rapp et al. 2017,2009.5,North Pacific Ocean,Necropsy,3150,0.4355414880012844,Cephalopods,1,1,1,1,0,0,0,0,0,1,Surface.Seizing,0,0,0,0,1,0,1,0,17,19,0.8947368421052632
Phoebastria immutabilis,Phoebastria_immutabilis,Procellariiformes,Diomedeidae,1,Robards 1993,1990.5,North Pacific Ocean,Necropsy,3150,0.4355414880012844,Cephalopods,1,1,1,1,0,0,0,0,0,1,Surface.Seizing,0,0,0,0,1,0,1,0,155,167,0.9281437125748503
Phoebastria immutabilis,Phoebastria_immutabilis,Procellariiformes,Diomedeidae,1,Sileo et al. 1990a,1986,North Pacific Ocean,Necropsy,3150,0.4355414880012844,Cephalopods,1,1,1,1,0,0,0,0,0,1,Surface.Seizing,0,0,0,0,1,0,1,0,11,31,0.3548387096774194
Phoebastria immutabilis,Phoebastria_immutabilis,Procellariiformes,Diomedeidae,NA,"Nakatsuka et al., 2021",2010.5,North Pacific Ocean,Necropsy,3150,0.4355414880012844,Cephalopods,1,1,1,1,0,0,0,0,0,1,Surface.Seizing,0,0,0,0,1,0,1,0,74,103,0.7184466019417476
Phoebastria nigripes,Phoebastria_nigripes,Procellariiformes,Diomedeidae,1,Blight and Burger 1997,1987,North Pacific Ocean,Necropsy,3195,0.4460015926626032,Fish,1,1,1,1,1,1,0,0,1,1,Surface.Seizing,0,0,0,0,0,0,1,0,3,3,1
Phoebastria nigripes,Phoebastria_nigripes,Procellariiformes,Diomedeidae,1,Gray et al. 2012,2007,North Pacific Ocean,Necropsy,3195,0.4460015926626032,Fish,1,1,1,1,1,1,0,0,1,1,Surface.Seizing,0,0,0,0,0,0,1,0,15,29,0.5172413793103449
Phoebastria nigripes,Phoebastria_nigripes,Procellariiformes,Diomedeidae,1,Kinan and Cousins 2000,1999,North Pacific Ocean,Regurgitation,3195,0.4460015926626032,Fish,1,1,1,1,1,1,0,0,1,1,Surface.Seizing,0,0,0,0,0,0,1,0,0,0,0
Phoebastria nigripes,Phoebastria_nigripes,Procellariiformes,Diomedeidae,1,Rapp et al. 2017,2009.5,North Pacific Ocean,Necropsy,3195,0.4460015926626032,Fish,1,1,1,1,1,1,0,0,1,1,Surface.Seizing,0,0,0,0,0,0,1,0,10,17,0.5882352941176471
Phoebastria nigripes,Phoebastria_nigripes,Procellariiformes,Diomedeidae,1,Robards 1993,1990.5,North Pacific Ocean,Necropsy,3195,0.4460015926626032,Fish,1,1,1,1,1,1,0,0,1,1,Surface.Seizing,0,0,0,0,0,0,1,0,50,110,0.45454545454545453
Phoebastria nigripes,Phoebastria_nigripes,Procellariiformes,Diomedeidae,NA,"Nakatsuka et al., 2021",2010.5,North Pacific Ocean,Necropsy,3195,0.4460015926626032,Fish,1,1,1,1,1,1,0,0,1,1,Surface.Seizing,0,0,0,0,0,0,1,0,7,22,0.3181818181818182
Phoebetria fusca,Phoebetria_fusca,Procellariiformes,Diomedeidae,1,Roman et al. 2019,2014,Indian Ocean,Necropsy,2500,0.28445108733779073,Cephalopods,1,1,1,1,0,1,0,0,1,1,Surface.Seizing,0,0,0,0,1,0,1,0,0,1,0
Phoebetria fusca,Phoebetria_fusca,Procellariiformes,Diomedeidae,NA,Cooper and Klages 1995,1990,Indian Ocean,Regurgitation,2500,0.28445108733779073,Cephalopods,1,1,1,1,0,1,0,0,1,1,Surface.Seizing,0,0,0,0,1,0,1,0,0,37,0
Phoebetria fusca,Phoebetria_fusca,Procellariiformes,Diomedeidae,NA,Furness 1985a,1983,South Pacific Ocean,Necropsy,2500,0.28445108733779073,Cephalopods,1,1,1,1,0,1,0,0,1,1,Surface.Seizing,0,0,0,0,1,0,1,0,0,8,0
Phoebetria fusca,Phoebetria_fusca,Procellariiformes,Diomedeidae,NA,"Roman et al., 2019a",2015,Southern Ocean,Necropsy,2500,0.28445108733779073,Cephalopods,1,1,1,1,0,1,0,0,1,1,Surface.Seizing,0,0,0,0,1,0,1,0,0,1,0
Phoebetria fusca,Phoebetria_fusca,Procellariiformes,Diomedeidae,NA,"Roman et al., 2021",2010.5,South Pacific Ocean,Necropsy,2500,0.28445108733779073,Cephalopods,1,1,1,1,0,1,0,0,1,1,Surface.Seizing,0,0,0,0,1,0,1,0,0,2,0
Phoebetria fusca,Phoebetria_fusca,Procellariiformes,Diomedeidae,NA,Ryan 1987,1982,Indian Ocean,Necropsy,2500,0.28445108733779073,Cephalopods,1,1,1,1,0,1,0,0,1,1,Surface.Seizing,0,0,0,0,1,0,1,0,1,73,0.0136986301369863
Phoebetria palpebrata,Phoebetria_palpebrata,Procellariiformes,Diomedeidae,1,Ainley et al. 1990a,1978,Southern Ocean,Necropsy,2950,0.38905213395097865,Cephalopods,1,1,1,1,0,1,0,0,1,1,Surface.Seizing,0,0,0,0,1,0,1,0,0,2,0
Phoebetria palpebrata,Phoebetria_palpebrata,Procellariiformes,Diomedeidae,1,Roman et al. 2016,2013,South Pacific Ocean,Necropsy,2950,0.38905213395097865,Cephalopods,1,1,1,1,0,1,0,0,1,1,Surface.Seizing,0,0,0,0,1,0,1,0,0,2,0
Phoebetria palpebrata,Phoebetria_palpebrata,Procellariiformes,Diomedeidae,1,Roman et al. 2019,2008,South Pacific Ocean,Necropsy,2950,0.38905213395097865,Cephalopods,1,1,1,1,0,1,0,0,1,1,Surface.Seizing,0,0,0,0,1,0,1,0,0,1,0
Phoebetria palpebrata,Phoebetria_palpebrata,Procellariiformes,Diomedeidae,1,Roman et al. 2019,2015,South Pacific Ocean,Necropsy,2950,0.38905213395097865,Cephalopods,1,1,1,1,0,1,0,0,1,1,Surface.Seizing,0,0,0,0,1,0,1,0,1,1,1
Phoebetria palpebrata,Phoebetria_palpebrata,Procellariiformes,Diomedeidae,NA,Cooper and Klages 1995,1990,Indian Ocean,Regurgitation,2950,0.38905213395097865,Cephalopods,1,1,1,1,0,1,0,0,1,1,Surface.Seizing,0,0,0,0,1,0,1,0,0,32,0
Phoebetria palpebrata,Phoebetria_palpebrata,Procellariiformes,Diomedeidae,NA,"Roman et al., 2019a",2015,Southern Ocean,Necropsy,2950,0.38905213395097865,Cephalopods,1,1,1,1,0,1,0,0,1,1,Surface.Seizing,0,0,0,0,1,0,1,0,1,6,0.16666666666666666
Phoebetria palpebrata,Phoebetria_palpebrata,Procellariiformes,Diomedeidae,NA,"Roman et al., 2021",2010.5,South Pacific Ocean,Necropsy,2950,0.38905213395097865,Cephalopods,1,1,1,1,0,1,0,0,1,1,Surface.Seizing,0,0,0,0,1,0,1,0,2,11,0.18181818181818182
Phoebetria palpebrata,Phoebetria_palpebrata,Procellariiformes,Diomedeidae,NA,"Slip et al., 1990",1971.5,South Pacific Ocean,Necropsy,2950,0.38905213395097865,Cephalopods,1,1,1,1,0,1,0,0,1,1,Surface.Seizing,0,0,0,0,1,0,1,0,0,3,0
Procellaria aequinoctialis,Procellaria_aequinoctialis,Procellariiformes,Procellariidae,1,Ainley et al. 1990a,1985.5,South Pacific Ocean,Necropsy,1213,-0.014707905975926732,Fish,0,1,1,1,0,1,0,0,1,1,Surface.Seizing,0,0,0,1,1,0,1,0,0,10,0
Procellaria aequinoctialis,Procellaria_aequinoctialis,Procellariiformes,Procellariidae,1,Ainley et al. 1990b,1986,Southern Ocean,Necropsy,1213,-0.014707905975926732,Fish,0,1,1,1,0,1,0,0,1,1,Surface.Seizing,0,0,0,1,1,0,1,0,2,3,0.6666666666666666
Procellaria aequinoctialis,Procellaria_aequinoctialis,Procellariiformes,Procellariidae,1,Barbieri 2009,2001,South Pacific Ocean,Necropsy,1213,-0.014707905975926732,Fish,0,1,1,1,0,1,0,0,1,1,Surface.Seizing,0,0,0,1,1,0,1,0,1,4,0.25
Procellaria aequinoctialis,Procellaria_aequinoctialis,Procellariiformes,Procellariidae,1,Colabuono & Vooren 2007,2004,South Pacific Ocean,Necropsy,1213,-0.014707905975926732,Fish,0,1,1,1,0,1,0,0,1,1,Surface.Seizing,0,0,0,1,1,0,1,0,18,32,0.5625
Procellaria aequinoctialis,Procellaria_aequinoctialis,Procellariiformes,Procellariidae,1,Colabuono et al. 2009,1999.5,South Pacific Ocean,Necropsy,1213,-0.014707905975926732,Fish,0,1,1,1,0,1,0,0,1,1,Surface.Seizing,0,0,0,1,1,0,1,0,20,41,0.4878048780487805
Procellaria aequinoctialis,Procellaria_aequinoctialis,Procellariiformes,Procellariidae,1,Colabuono et al. 2010,1999.5,South Pacific Ocean,Necropsy,1213,-0.014707905975926732,Fish,0,1,1,1,0,1,0,0,1,1,Surface.Seizing,0,0,0,1,1,0,1,0,15,34,0.4411764705882353
Procellaria aequinoctialis,Procellaria_aequinoctialis,Procellariiformes,Procellariidae,1,Furness 1983,1981,North Atlantic Ocean,Necropsy,1213,-0.014707905975926732,Fish,0,1,1,1,0,1,0,0,1,1,Surface.Seizing,0,0,0,1,1,0,1,0,1,20,0.05
Procellaria aequinoctialis,Procellaria_aequinoctialis,Procellariiformes,Procellariidae,1,Petry et al. 2017,1990,South Pacific Ocean,Necropsy,1213,-0.014707905975926732,Fish,0,1,1,1,0,1,0,0,1,1,Surface.Seizing,0,0,0,1,1,0,1,0,3,14,0.21428571428571427
Procellaria aequinoctialis,Procellaria_aequinoctialis,Procellariiformes,Procellariidae,1,Petry et al. 2017,1997.5,South Pacific Ocean,Necropsy,1213,-0.014707905975926732,Fish,0,1,1,1,0,1,0,0,1,1,Surface.Seizing,0,0,0,1,1,0,1,0,15,35,0.42857142857142855
Procellaria aequinoctialis,Procellaria_aequinoctialis,Procellariiformes,Procellariidae,1,Petry et al. 2017,2010.5,South Pacific Ocean,Necropsy,1213,-0.014707905975926732,Fish,0,1,1,1,0,1,0,0,1,1,Surface.Seizing,0,0,0,1,1,0,1,0,41,65,0.6307692307692307
Procellaria aequinoctialis,Procellaria_aequinoctialis,Procellariiformes,Procellariidae,1,Robertson et al. 2004,1998,South Pacific Ocean,Necropsy,1213,-0.014707905975926732,Fish,0,1,1,1,0,1,0,0,1,1,Surface.Seizing,0,0,0,1,1,0,1,0,1,12,0.08333333333333333
Procellaria aequinoctialis,Procellaria_aequinoctialis,Procellariiformes,Procellariidae,1,Robertson et al. 2004,1999,South Pacific Ocean,Necropsy,1213,-0.014707905975926732,Fish,0,1,1,1,0,1,0,0,1,1,Surface.Seizing,0,0,0,1,1,0,1,0,1,34,0.029411764705882353
Procellaria aequinoctialis,Procellaria_aequinoctialis,Procellariiformes,Procellariidae,1,Robertson et al. 2004,2000,South Pacific Ocean,Necropsy,1213,-0.014707905975926732,Fish,0,1,1,1,0,1,0,0,1,1,Surface.Seizing,0,0,0,1,1,0,1,0,31,278,0.11151079136690648
Procellaria aequinoctialis,Procellaria_aequinoctialis,Procellariiformes,Procellariidae,1,Robertson et al. 2004,2001,South Pacific Ocean,Necropsy,1213,-0.014707905975926732,Fish,0,1,1,1,0,1,0,0,1,1,Surface.Seizing,0,0,0,1,1,0,1,0,32,361,0.0886426592797784
Procellaria aequinoctialis,Procellaria_aequinoctialis,Procellariiformes,Procellariidae,1,Roman et al. 2019,1999,South Pacific Ocean,Necropsy,1213,-0.014707905975926732,Fish,0,1,1,1,0,1,0,0,1,1,Surface.Seizing,0,0,0,1,1,0,1,0,0,2,0
Procellaria aequinoctialis,Procellaria_aequinoctialis,Procellariiformes,Procellariidae,1,Roman et al. 2019,2004,South Pacific Ocean,Necropsy,1213,-0.014707905975926732,Fish,0,1,1,1,0,1,0,0,1,1,Surface.Seizing,0,0,0,1,1,0,1,0,0,1,0
Procellaria aequinoctialis,Procellaria_aequinoctialis,Procellariiformes,Procellariidae,1,Roman et al. 2019,2010,South Pacific Ocean,Necropsy,1213,-0.014707905975926732,Fish,0,1,1,1,0,1,0,0,1,1,Surface.Seizing,0,0,0,1,1,0,1,0,0,1,0
Procellaria aequinoctialis,Procellaria_aequinoctialis,Procellariiformes,Procellariidae,1,Roman et al. 2019,2015,South Pacific Ocean,Necropsy,1213,-0.014707905975926732,Fish,0,1,1,1,0,1,0,0,1,1,Surface.Seizing,0,0,0,1,1,0,1,0,1,143,0.006993006993006993
Procellaria aequinoctialis,Procellaria_aequinoctialis,Procellariiformes,Procellariidae,1,Roman et al. 2019,2016,South Pacific Ocean,Necropsy,1213,-0.014707905975926732,Fish,0,1,1,1,0,1,0,0,1,1,Surface.Seizing,0,0,0,1,1,0,1,0,1,66,0.015151515151515152
Procellaria aequinoctialis,Procellaria_aequinoctialis,Procellariiformes,Procellariidae,1,Tavares et al. 2017,2012,South Pacific Ocean,Necropsy,1213,-0.014707905975926732,Fish,0,1,1,1,0,1,0,0,1,1,Surface.Seizing,0,0,0,1,1,0,1,0,1,1,1
Procellaria aequinoctialis,Procellaria_aequinoctialis,Procellariiformes,Procellariidae,1,Tavares et al. 2017,2013,South Pacific Ocean,Necropsy,1213,-0.014707905975926732,Fish,0,1,1,1,0,1,0,0,1,1,Surface.Seizing,0,0,0,1,1,0,1,0,3,8,0.375
Procellaria aequinoctialis,Procellaria_aequinoctialis,Procellariiformes,Procellariidae,1,Tourinho et al. 2010,2007,South Pacific Ocean,Necropsy,1213,-0.014707905975926732,Fish,0,1,1,1,0,1,0,0,1,1,Surface.Seizing,0,0,0,1,1,0,1,0,1,1,1
Procellaria aequinoctialis,Procellaria_aequinoctialis,Procellariiformes,Procellariidae,NA,"Gallo et al., 2024",2019,South Atlantic Ocean,Necropsy,1213,-0.014707905975926732,Fish,0,1,1,1,0,1,0,0,1,1,Surface.Seizing,0,0,0,1,1,0,1,0,11,22,0.5
Procellaria aequinoctialis,Procellaria_aequinoctialis,Procellariiformes,Procellariidae,NA,"Muñoz et al., 2023",2011,South Atlantic Ocean,Necropsy,1213,-0.014707905975926732,Fish,0,1,1,1,0,1,0,0,1,1,Surface.Seizing,0,0,0,1,1,0,1,0,10,21,0.47619047619047616
Procellaria aequinoctialis,Procellaria_aequinoctialis,Procellariiformes,Procellariidae,NA,Roman et al. 2019,2003,South Pacific Ocean,Necropsy,1213,-0.014707905975926732,Fish,0,1,1,1,0,1,0,0,1,1,Surface.Seizing,0,0,0,1,1,0,1,0,0,1,0
Procellaria aequinoctialis,Procellaria_aequinoctialis,Procellariiformes,Procellariidae,NA,Roman et al. 2019,2010,South Pacific Ocean,Necropsy,1213,-0.014707905975926732,Fish,0,1,1,1,0,1,0,0,1,1,Surface.Seizing,0,0,0,1,1,0,1,0,0,6,0
Procellaria aequinoctialis,Procellaria_aequinoctialis,Procellariiformes,Procellariidae,NA,Roman et al. 2019,2012,South Pacific Ocean,Necropsy,1213,-0.014707905975926732,Fish,0,1,1,1,0,1,0,0,1,1,Surface.Seizing,0,0,0,1,1,0,1,0,0,1,0
Procellaria aequinoctialis,Procellaria_aequinoctialis,Procellariiformes,Procellariidae,NA,"Roman et al., 2019a",2015,Southern Ocean,Necropsy,1213,-0.014707905975926732,Fish,0,1,1,1,0,1,0,0,1,1,Surface.Seizing,0,0,0,1,1,0,1,0,2,221,0.00904977375565611
Procellaria aequinoctialis,Procellaria_aequinoctialis,Procellariiformes,Procellariidae,NA,Ryan 1987,1982,Indian Ocean,Necropsy,1213,-0.014707905975926732,Fish,0,1,1,1,0,1,0,0,1,1,Surface.Seizing,0,0,0,1,1,0,1,0,115,201,0.572139303482587
Procellaria aequinoctialis,Procellaria_aequinoctialis,Procellariiformes,Procellariidae,NA,"Ryan, 2008",2005,South Pacific Ocean,Necropsy,1213,-0.014707905975926732,Fish,0,1,1,1,0,1,0,0,1,1,Surface.Seizing,0,0,0,1,1,0,1,0,0,526,0
Procellaria aequinoctialis,Procellaria_aequinoctialis,Procellariiformes,Procellariidae,NA,Tavares et al. 2017,2012,South Pacific Ocean,Necropsy,1213,-0.014707905975926732,Fish,0,1,1,1,0,1,0,0,1,1,Surface.Seizing,0,0,0,1,1,0,1,0,1,1,1
Procellaria aequinoctialis,Procellaria_aequinoctialis,Procellariiformes,Procellariidae,NA,"Vanstreels et al., 2021",2020,South Atlantic Ocean,Necropsy,1213,-0.014707905975926732,Fish,0,1,1,1,0,1,0,0,1,1,Surface.Seizing,0,0,0,1,1,0,1,0,3,4,0.75
Procellaria aequinoctialis,Procellaria_aequinoctialis,Procellariiformes,Procellariidae,NA,"do Nascimiento et al., 2023",2014,South Atlantic Ocean,Necropsy,1213,-0.014707905975926732,Fish,0,1,1,1,0,1,0,0,1,1,Surface.Seizing,0,0,0,1,1,0,1,0,3,64,0.046875
Procellaria aequinoctialis,Procellaria_aequinoctialis,Procellariiformes,Procellariidae,NA,"do Nascimiento, 2022",2018,South Atlantic Ocean,Necropsy,1213,-0.014707905975926732,Fish,0,1,1,1,0,1,0,0,1,1,Surface.Seizing,0,0,0,1,1,0,1,0,11,16,0.6875
Procellaria cinerea,Procellaria_cinerea,Procellariiformes,Procellariidae,1,Robertson et al. 2004,2001,South Pacific Ocean,Necropsy,1060,-0.05027226182441062,Cephalopods,0,1,1,1,0,1,0,0,1,1,Surface.Seizing,0,0,0,1,1,0,1,0,1,5,0.2
Procellaria cinerea,Procellaria_cinerea,Procellariiformes,Procellariidae,1,Roman et al. 2019,2015,South Pacific Ocean,Necropsy,1060,-0.05027226182441062,Cephalopods,0,1,1,1,0,1,0,0,1,1,Surface.Seizing,0,0,0,1,1,0,1,0,0,4,0
Procellaria cinerea,Procellaria_cinerea,Procellariiformes,Procellariidae,1,Roman et al. 2019,2016,South Pacific Ocean,Necropsy,1060,-0.05027226182441062,Cephalopods,0,1,1,1,0,1,0,0,1,1,Surface.Seizing,0,0,0,1,1,0,1,0,0,2,0
Procellaria cinerea,Procellaria_cinerea,Procellariiformes,Procellariidae,NA,Roman et al. 2019,2015,South Pacific Ocean,Necropsy,1060,-0.05027226182441062,Cephalopods,0,1,1,1,0,1,0,0,1,1,Surface.Seizing,0,0,0,1,1,0,1,0,0,1,0
Procellaria cinerea,Procellaria_cinerea,Procellariiformes,Procellariidae,NA,"Roman et al., 2019a",2015,Southern Ocean,Necropsy,1060,-0.05027226182441062,Cephalopods,0,1,1,1,0,1,0,0,1,1,Surface.Seizing,0,0,0,1,1,0,1,0,0,7,0
Procellaria conspicillata,Procellaria_conspicillata,Procellariiformes,Procellariidae,1,Colabuono & Vooren 2007,2004,South Pacific Ocean,Necropsy,1191,-0.019821734921460363,Fish,0,1,1,1,0,1,0,0,1,1,Plunging,0,0,0,1,1,0,1,0,2,7,0.2857142857142857
Procellaria conspicillata,Procellaria_conspicillata,Procellariiformes,Procellariidae,1,Colabuono et al. 2009,1999.5,South Pacific Ocean,Necropsy,1191,-0.019821734921460363,Fish,0,1,1,1,0,1,0,0,1,1,Plunging,0,0,0,1,1,0,1,0,2,9,0.2222222222222222
Procellaria conspicillata,Procellaria_conspicillata,Procellariiformes,Procellariidae,1,Colabuono et al. 2010,1991,South Pacific Ocean,Necropsy,1191,-0.019821734921460363,Fish,0,1,1,1,0,1,0,0,1,1,Plunging,0,0,0,1,1,0,1,0,1,3,0.3333333333333333
Procellaria conspicillata,Procellaria_conspicillata,Procellariiformes,Procellariidae,NA,"Muñoz et al., 2023",2011,South Atlantic Ocean,Necropsy,1191,-0.019821734921460363,Fish,0,1,1,1,0,1,0,0,1,1,Plunging,0,0,0,1,1,0,1,0,6,8,0.75
Procellaria parkinsoni,Procellaria_parkinsoni,Procellariiformes,Procellariidae,1,Robertson et al. 2004,2000,South Pacific Ocean,Necropsy,702.5,-0.13337198218933213,Cephalopods,0,1,1,1,0,1,0,0,1,1,Surface.Seizing,0,0,0,1,1,0,1,0,1,1,1
Procellaria parkinsoni,Procellaria_parkinsoni,Procellariiformes,Procellariidae,1,Roman et al. 2019,2015,South Pacific Ocean,Necropsy,702.5,-0.13337198218933213,Cephalopods,0,1,1,1,0,1,0,0,1,1,Surface.Seizing,0,0,0,1,1,0,1,0,0,4,0
Procellaria parkinsoni,Procellaria_parkinsoni,Procellariiformes,Procellariidae,1,Roman et al. 2019,2016,South Pacific Ocean,Necropsy,702.5,-0.13337198218933213,Cephalopods,0,1,1,1,0,1,0,0,1,1,Surface.Seizing,0,0,0,1,1,0,1,0,0,3,0
Procellaria parkinsoni,Procellaria_parkinsoni,Procellariiformes,Procellariidae,NA,"Roman et al., 2019a",2015,Southern Ocean,Necropsy,702.5,-0.13337198218933213,Cephalopods,0,1,1,1,0,1,0,0,1,1,Surface.Seizing,0,0,0,1,1,0,1,0,0,7,0
Procellaria westlandica,Procellaria_westlandica,Procellariiformes,Procellariidae,1,Roman et al. 2019,2015,South Pacific Ocean,Necropsy,1000,-0.06421906803950235,Cephalopods,0,1,1,1,0,1,0,0,1,1,Surface.Seizing,0,0,0,1,1,0,1,0,0,4,0
Procellaria westlandica,Procellaria_westlandica,Procellariiformes,Procellariidae,1,Roman et al. 2019,2016,South Pacific Ocean,Necropsy,1000,-0.06421906803950235,Cephalopods,0,1,1,1,0,1,0,0,1,1,Surface.Seizing,0,0,0,1,1,0,1,0,1,8,0.125
Procellaria westlandica,Procellaria_westlandica,Procellariiformes,Procellariidae,NA,Roman et al. 2019,2001,South Pacific Ocean,Necropsy,1000,-0.06421906803950235,Cephalopods,0,1,1,1,0,1,0,0,1,1,Surface.Seizing,0,0,0,1,1,0,1,0,0,1,0
Procellaria westlandica,Procellaria_westlandica,Procellariiformes,Procellariidae,NA,Roman et al. 2019,2015,South Pacific Ocean,Necropsy,1000,-0.06421906803950235,Cephalopods,0,1,1,1,0,1,0,0,1,1,Surface.Seizing,0,0,0,1,1,0,1,0,0,1,0
Procellaria westlandica,Procellaria_westlandica,Procellariiformes,Procellariidae,NA,Roman et al. 2019,2016,South Pacific Ocean,Necropsy,1000,-0.06421906803950235,Cephalopods,0,1,1,1,0,1,0,0,1,1,Surface.Seizing,0,0,0,1,1,0,1,0,0,1,0
Procellaria westlandica,Procellaria_westlandica,Procellariiformes,Procellariidae,NA,"Roman et al., 2019a",2015,Southern Ocean,Necropsy,1000,-0.06421906803950235,Cephalopods,0,1,1,1,0,1,0,0,1,1,Surface.Seizing,0,0,0,1,1,0,1,0,2,16,0.125
Pseudobulweria rostrata,Pseudobulweria_rostrata,Procellariiformes,Procellariidae,1,Ainley et al. 1990b,1986,Southern Ocean,Necropsy,409,-0.20159510925815582,Cephalopods,1,0,1,1,1,0,0,0,0,1,Surface.Seizing,0,0,0,0,0,0,1,0,1,67,0.014925373134328358
Pseudobulweria rostrata,Pseudobulweria_rostrata,Procellariiformes,Procellariidae,1,Roman et al. 2016,2013,South Pacific Ocean,Necropsy,409,-0.20159510925815582,Cephalopods,1,0,1,1,1,0,0,0,0,1,Surface.Seizing,0,0,0,0,0,0,1,0,0,1,0
Pseudobulweria rostrata,Pseudobulweria_rostrata,Procellariiformes,Procellariidae,1,Spear et al. 1995,1987.5,South Pacific Ocean,Necropsy,409,-0.20159510925815582,Cephalopods,1,0,1,1,1,0,0,0,0,1,Surface.Seizing,0,0,0,0,0,0,1,0,1,121,0.008264462809917356
Pseudobulweria rostrata,Pseudobulweria_rostrata,Procellariiformes,Procellariidae,NA,"Berr et al., 2020",2016.5,South Pacific Ocean,Necropsy,409,-0.20159510925815582,Cephalopods,1,0,1,1,1,0,0,0,0,1,Surface.Seizing,0,0,0,0,0,0,1,0,2,6,0.3333333333333333
Pseudobulweria rostrata,Pseudobulweria_rostrata,Procellariiformes,Procellariidae,NA,"Roman et al., 2019a",2015,Southern Ocean,Necropsy,409,-0.20159510925815582,Cephalopods,1,0,1,1,1,0,0,0,0,1,Surface.Seizing,0,0,0,0,0,0,1,0,0,1,0
Pterodroma alba,Pterodroma_alba,Procellariiformes,Procellariidae,1,Ainley et al. 1990b,1986,Southern Ocean,Necropsy,259,-0.23646212479588513,Cephalopods,0,1,1,1,0,0,0,0,0,1,Surface.Seizing,0,0,0,0,0,0,1,0,0,11,0
Pterodroma alba,Pterodroma_alba,Procellariiformes,Procellariidae,1,Spear et al. 1995,1987.5,South Pacific Ocean,Necropsy,259,-0.23646212479588513,Cephalopods,0,1,1,1,0,0,0,0,0,1,Surface.Seizing,0,0,0,0,0,0,1,0,0,19,0
Pterodroma arminjoniana,Pterodroma_arminjoniana,Procellariiformes,Procellariidae,1,Ainley et al. 1990b,1986,Southern Ocean,Necropsy,394,-0.20508181081192875,Cephalopods,0,1,1,1,1,0,0,0,0,1,Surface.Seizing,1,0,0,1,0,0,1,0,0,11,0
Pterodroma arminjoniana,Pterodroma_arminjoniana,Procellariiformes,Procellariidae,1,Spear et al. 1995,1987.5,South Pacific Ocean,Necropsy,394,-0.20508181081192875,Cephalopods,0,1,1,1,1,0,0,0,0,1,Surface.Seizing,1,0,0,1,0,0,1,0,0,11,0
Pterodroma arminjoniana,Pterodroma_arminjoniana,Procellariiformes,Procellariidae,1,Tavares et al. 2017,2013,South Pacific Ocean,Necropsy,394,-0.20508181081192875,Cephalopods,0,1,1,1,1,0,0,0,0,1,Surface.Seizing,1,0,0,1,0,0,1,0,0,1,0
Pterodroma atrata,Pterodroma_atrata,Procellariiformes,Procellariidae,1,Imber et al. 1995,1991,South Pacific Ocean,Lavage,300,-0.22693180721557243,Cephalopods,0,1,1,1,0,0,0,0,0,1,Surface.Seizing,0,0,0,0,0,0,1,0,0,29,0
Pterodroma baraui,Pterodroma_baraui,Procellariiformes,Procellariidae,1,"Thibault et al., 2024",2012.5,Indian Ocean,Necropsy,400,-0.20368713019041956,Fish,0,1,1,1,0,0,0,0,0,1,Surface.Seizing,0,0,0,0,0,0,1,0,103,146,0.7054794520547946
Pterodroma baraui,Pterodroma_baraui,Procellariiformes,Procellariidae,NA,"Cartraud et al., 2019",2009,Indian Ocean,Necropsy,400,-0.20368713019041956,Fish,0,1,1,1,0,0,0,0,0,1,Surface.Seizing,0,0,0,0,0,0,1,0,39,62,0.6290322580645161
Pterodroma brevipes,Pterodroma_brevipes,Procellariiformes,Procellariidae,1,Spear et al. 1995,1987.5,South Pacific Ocean,Necropsy,136,-0.26505307753682317,Cephalopods,0,1,1,0,0,0,0,0,0,1,Surface.Seizing,0,0,0,0,0,0,1,0,2,3,0.6666666666666666
Pterodroma cervicalis,Pterodroma_cervicalis,Procellariiformes,Procellariidae,1,Ainley et al. 1990b,1986,Southern Ocean,Necropsy,445,-0.1932270255291008,Cephalopods,0,1,1,0,0,0,0,0,0,1,Surface.Seizing,1,0,0,0,0,0,1,0,1,10,0.1
Pterodroma cervicalis,Pterodroma_cervicalis,Procellariiformes,Procellariidae,1,Roman et al. 2016,2013,South Pacific Ocean,Necropsy,445,-0.1932270255291008,Cephalopods,0,1,1,0,0,0,0,0,0,1,Surface.Seizing,1,0,0,0,0,0,1,0,0,1,0
Pterodroma cervicalis,Pterodroma_cervicalis,Procellariiformes,Procellariidae,1,Roman et al. 2019,2013,South Pacific Ocean,Necropsy,445,-0.1932270255291008,Cephalopods,0,1,1,0,0,0,0,0,0,1,Surface.Seizing,1,0,0,0,0,0,1,0,0,1,0
Pterodroma cervicalis,Pterodroma_cervicalis,Procellariiformes,Procellariidae,1,Spear et al. 1995,1987.5,South Pacific Ocean,Necropsy,445,-0.1932270255291008,Cephalopods,0,1,1,0,0,0,0,0,0,1,Surface.Seizing,1,0,0,0,0,0,1,0,1,12,0.08333333333333333
Pterodroma cervicalis,Pterodroma_cervicalis,Procellariiformes,Procellariidae,NA,"Roman et al., 2019a",2015,Southern Ocean,Necropsy,445,-0.1932270255291008,Cephalopods,0,1,1,0,0,0,0,0,0,1,Surface.Seizing,1,0,0,0,0,0,1,0,0,1,0
Pterodroma cookii,Pterodroma_cookii,Procellariiformes,Procellariidae,1,Ainley et al. 1990b,1986,Southern Ocean,Necropsy,178.5,-0.2551740898011332,Cephalopods,1,1,1,1,0,0,0,0,0,1,Surface.Seizing,0,0,0,0,0,0,1,0,4,9,0.4444444444444444
Pterodroma cookii,Pterodroma_cookii,Procellariiformes,Procellariidae,1,Roman et al. 2016,2013,South Pacific Ocean,Necropsy,178.5,-0.2551740898011332,Cephalopods,1,1,1,1,0,0,0,0,0,1,Surface.Seizing,0,0,0,0,0,0,1,0,0,1,0
Pterodroma cookii,Pterodroma_cookii,Procellariiformes,Procellariidae,1,Roman et al. 2019,2008,South Pacific Ocean,Necropsy,178.5,-0.2551740898011332,Cephalopods,1,1,1,1,0,0,0,0,0,1,Surface.Seizing,0,0,0,0,0,0,1,0,0,1,0
Pterodroma cookii,Pterodroma_cookii,Procellariiformes,Procellariidae,1,Roman et al. 2019,2010,South Pacific Ocean,Necropsy,178.5,-0.2551740898011332,Cephalopods,1,1,1,1,0,0,0,0,0,1,Surface.Seizing,0,0,0,0,0,0,1,0,0,1,0
Pterodroma cookii,Pterodroma_cookii,Procellariiformes,Procellariidae,1,Roman et al. 2019,2013,South Pacific Ocean,Necropsy,178.5,-0.2551740898011332,Cephalopods,1,1,1,1,0,0,0,0,0,1,Surface.Seizing,0,0,0,0,0,0,1,0,0,1,0
Pterodroma cookii,Pterodroma_cookii,Procellariiformes,Procellariidae,1,Roman et al. 2019,2015,South Pacific Ocean,Necropsy,178.5,-0.2551740898011332,Cephalopods,1,1,1,1,0,0,0,0,0,1,Surface.Seizing,0,0,0,0,0,0,1,0,0,1,0
Pterodroma cookii,Pterodroma_cookii,Procellariiformes,Procellariidae,NA,Imber 1996,1974.5,South Pacific Ocean,Lavage,178.5,-0.2551740898011332,Cephalopods,1,1,1,1,0,0,0,0,0,1,Surface.Seizing,0,0,0,0,0,0,1,0,21,55,0.38181818181818183
Pterodroma cookii,Pterodroma_cookii,Procellariiformes,Procellariidae,NA,Roman et al. 2019,2010,South Pacific Ocean,Necropsy,178.5,-0.2551740898011332,Cephalopods,1,1,1,1,0,0,0,0,0,1,Surface.Seizing,0,0,0,0,0,0,1,0,0,1,0
Pterodroma cookii,Pterodroma_cookii,Procellariiformes,Procellariidae,NA,Roman et al. 2019,2015,South Pacific Ocean,Necropsy,178.5,-0.2551740898011332,Cephalopods,1,1,1,1,0,0,0,0,0,1,Surface.Seizing,0,0,0,0,0,0,1,0,1,2,0.5
Pterodroma cookii,Pterodroma_cookii,Procellariiformes,Procellariidae,NA,"Roman et al., 2019a",2015,Southern Ocean,Necropsy,178.5,-0.2551740898011332,Cephalopods,1,1,1,1,0,0,0,0,0,1,Surface.Seizing,0,0,0,0,0,0,1,0,1,7,0.14285714285714285
Pterodroma externa,Pterodroma_externa,Procellariiformes,Procellariidae,1,Ainley et al. 1990b,1986,Southern Ocean,Necropsy,428,-0.19717862062337677,Cephalopods,0,1,1,0,0,0,0,0,0,1,Surface.Seizing,1,0,0,0,0,0,1,0,1,104,0.009615384615384616
Pterodroma externa,Pterodroma_externa,Procellariiformes,Procellariidae,1,Spear et al. 1995,1987.5,South Pacific Ocean,Necropsy,428,-0.19717862062337677,Cephalopods,0,1,1,0,0,0,0,0,0,1,Surface.Seizing,1,0,0,0,0,0,1,0,1,183,0.00546448087431694
Pterodroma gouldi,Pterodroma_gouldi,Procellariiformes,Procellariidae,NA,"Roman et al., 2019a",2015,Southern Ocean,Necropsy,672.5,-0.140345385296878,Cephalopods,0,1,1,1,0,1,0,0,1,1,Surface.Seizing,0,0,0,0,0,0,1,0,0,4,0
Pterodroma hypoleuca,Pterodroma_hypoleuca,Procellariiformes,Procellariidae,NA,Rapp et al. 2017,2009.5,North Pacific Ocean,Necropsy,176,-0.255755206726762,Fish,0,1,1,1,1,0,0,0,0,1,Surface.Seizing,0,0,0,0,0,0,1,0,1,1,1
Pterodroma hypoleuca,Pterodroma_hypoleuca,Procellariiformes,Procellariidae,NA,Sileo et al. 1990a,1986,North Pacific Ocean,Necropsy,176,-0.255755206726762,Fish,0,1,1,1,1,0,0,0,0,1,Surface.Seizing,0,0,0,0,0,0,1,0,17,58,0.29310344827586204
Pterodroma incerta,Pterodroma_incerta,Procellariiformes,Procellariidae,1,Petry et al. 2002,1997.5,South Pacific Ocean,Necropsy,520,-0.17579351776023613,Cephalopods,0,1,1,1,0,0,0,0,0,1,Surface.Seizing,0,0,0,0,0,0,1,0,0,4,0
Pterodroma incerta,Pterodroma_incerta,Procellariiformes,Procellariidae,NA,Furness 1985a,1983,South Pacific Ocean,Necropsy,520,-0.17579351776023613,Cephalopods,0,1,1,1,0,0,0,0,0,1,Surface.Seizing,0,0,0,0,0,0,1,0,1,13,0.07692307692307693
Pterodroma incerta,Pterodroma_incerta,Procellariiformes,Procellariidae,NA,"Gallo et al., 2024",2019,South Atlantic Ocean,Necropsy,520,-0.17579351776023613,Cephalopods,0,1,1,1,0,0,0,0,0,1,Surface.Seizing,0,0,0,0,0,0,1,0,1,2,0.5
Pterodroma incerta,Pterodroma_incerta,Procellariiformes,Procellariidae,NA,"Perez et al., 2019",2009,South Atlantic Ocean,Necropsy,520,-0.17579351776023613,Cephalopods,0,1,1,1,0,0,0,0,0,1,Surface.Seizing,0,0,0,0,0,0,1,0,23,61,0.3770491803278688
Pterodroma incerta,Pterodroma_incerta,Procellariiformes,Procellariidae,NA,Ryan 1987,1982,Indian Ocean,Necropsy,520,-0.17579351776023613,Cephalopods,0,1,1,1,0,0,0,0,0,1,Surface.Seizing,0,0,0,0,0,0,1,0,2,20,0.1
Pterodroma incerta,Pterodroma_incerta,Procellariiformes,Procellariidae,NA,"do Nascimiento, 2022",2018,South Atlantic Ocean,Necropsy,520,-0.17579351776023613,Cephalopods,0,1,1,1,0,0,0,0,0,1,Surface.Seizing,0,0,0,0,0,0,1,0,1,2,0.5
Pterodroma inexpectata,Pterodroma_inexpectata,Procellariiformes,Procellariidae,1,Ainley et al. 1990a,1978,Southern Ocean,Necropsy,316,-0.22321265889154798,Cephalopods,0,1,1,1,0,0,0,0,0,1,Plunging,0,0,0,1,0,0,1,0,0,4,0
Pterodroma inexpectata,Pterodroma_inexpectata,Procellariiformes,Procellariidae,1,Ainley et al. 1990b,1986,Southern Ocean,Necropsy,316,-0.22321265889154798,Cephalopods,0,1,1,1,0,0,0,0,0,1,Plunging,0,0,0,1,0,0,1,0,0,1,0
Pterodroma inexpectata,Pterodroma_inexpectata,Procellariiformes,Procellariidae,1,Robards 1993,1990.5,North Pacific Ocean,Necropsy,316,-0.22321265889154798,Cephalopods,0,1,1,1,0,0,0,0,0,1,Plunging,0,0,0,1,0,0,1,0,3,5,0.6
Pterodroma inexpectata,Pterodroma_inexpectata,Procellariiformes,Procellariidae,1,Roman et al. 2019,2015,South Pacific Ocean,Necropsy,316,-0.22321265889154798,Cephalopods,0,1,1,1,0,0,0,0,0,1,Plunging,0,0,0,1,0,0,1,0,0,2,0
Pterodroma inexpectata,Pterodroma_inexpectata,Procellariiformes,Procellariidae,1,Roman et al. 2019,2016,South Pacific Ocean,Necropsy,316,-0.22321265889154798,Cephalopods,0,1,1,1,0,0,0,0,0,1,Plunging,0,0,0,1,0,0,1,0,1,1,1
Pterodroma inexpectata,Pterodroma_inexpectata,Procellariiformes,Procellariidae,1,Spear et al. 1995,1987.5,South Pacific Ocean,Necropsy,316,-0.22321265889154798,Cephalopods,0,1,1,1,0,0,0,0,0,1,Plunging,0,0,0,1,0,0,1,0,0,2,0
Pterodroma inexpectata,Pterodroma_inexpectata,Procellariiformes,Procellariidae,NA,"Roman et al., 2019a",2015,Southern Ocean,Necropsy,316,-0.22321265889154798,Cephalopods,0,1,1,1,0,0,0,0,0,1,Plunging,0,0,0,1,0,0,1,0,1,3,0.3333333333333333
Pterodroma lessonii,Pterodroma_lessonii,Procellariiformes,Procellariidae,1,Roman et al. 2016,2013,South Pacific Ocean,Necropsy,695,-0.1351153329662186,Cephalopods,0,1,1,1,0,0,0,0,0,1,Surface.Seizing,0,0,0,0,0,0,1,0,1,2,0.5
Pterodroma lessonii,Pterodroma_lessonii,Procellariiformes,Procellariidae,1,Roman et al. 2019,2008,South Pacific Ocean,Necropsy,695,-0.1351153329662186,Cephalopods,0,1,1,1,0,0,0,0,0,1,Surface.Seizing,0,0,0,0,0,0,1,0,0,1,0
Pterodroma lessonii,Pterodroma_lessonii,Procellariiformes,Procellariidae,1,Roman et al. 2019,2009,South Pacific Ocean,Necropsy,695,-0.1351153329662186,Cephalopods,0,1,1,1,0,0,0,0,0,1,Surface.Seizing,0,0,0,0,0,0,1,0,0,1,0
Pterodroma lessonii,Pterodroma_lessonii,Procellariiformes,Procellariidae,1,Roman et al. 2019,2011,South Pacific Ocean,Necropsy,695,-0.1351153329662186,Cephalopods,0,1,1,1,0,0,0,0,0,1,Surface.Seizing,0,0,0,0,0,0,1,0,1,1,1
Pterodroma lessonii,Pterodroma_lessonii,Procellariiformes,Procellariidae,1,Roman et al. 2019,2013,Indian Ocean,Necropsy,695,-0.1351153329662186,Cephalopods,0,1,1,1,0,0,0,0,0,1,Surface.Seizing,0,0,0,0,0,0,1,0,0,1,0
Pterodroma lessonii,Pterodroma_lessonii,Procellariiformes,Procellariidae,1,Roman et al. 2019,2016,South Pacific Ocean,Necropsy,695,-0.1351153329662186,Cephalopods,0,1,1,1,0,0,0,0,0,1,Surface.Seizing,0,0,0,0,0,0,1,0,0,1,0
Pterodroma lessonii,Pterodroma_lessonii,Procellariiformes,Procellariidae,NA,Roman et al. 2019,2015,South Pacific Ocean,Necropsy,695,-0.1351153329662186,Cephalopods,0,1,1,1,0,0,0,0,0,1,Surface.Seizing,0,0,0,0,0,0,1,0,0,1,0
Pterodroma lessonii,Pterodroma_lessonii,Procellariiformes,Procellariidae,NA,"Roman et al., 2019a",2015,Southern Ocean,Necropsy,695,-0.1351153329662186,Cephalopods,0,1,1,1,0,0,0,0,0,1,Surface.Seizing,0,0,0,0,0,0,1,0,1,6,0.16666666666666666
Pterodroma leucoptera,Pterodroma_leucoptera,Procellariiformes,Procellariidae,1,Roman et al. 2016,2009,South Pacific Ocean,Necropsy,185,-0.25366318579449826,Cephalopods,0,1,1,0,1,0,0,0,0,1,Surface.Seizing,0,0,0,0,0,0,1,0,2,2,1
Pterodroma leucoptera,Pterodroma_leucoptera,Procellariiformes,Procellariidae,1,Roman et al. 2016,2013,South Pacific Ocean,Necropsy,185,-0.25366318579449826,Cephalopods,0,1,1,0,1,0,0,0,0,1,Surface.Seizing,0,0,0,0,0,0,1,0,1,3,0.3333333333333333
Pterodroma leucoptera,Pterodroma_leucoptera,Procellariiformes,Procellariidae,1,Roman et al. 2019,2009,South Pacific Ocean,Necropsy,185,-0.25366318579449826,Cephalopods,0,1,1,0,1,0,0,0,0,1,Surface.Seizing,0,0,0,0,0,0,1,0,2,2,1
Pterodroma leucoptera,Pterodroma_leucoptera,Procellariiformes,Procellariidae,1,Roman et al. 2019,2011,South Pacific Ocean,Necropsy,185,-0.25366318579449826,Cephalopods,0,1,1,0,1,0,0,0,0,1,Surface.Seizing,0,0,0,0,0,0,1,0,0,1,0
Pterodroma leucoptera,Pterodroma_leucoptera,Procellariiformes,Procellariidae,1,Roman et al. 2019,2012,South Pacific Ocean,Necropsy,185,-0.25366318579449826,Cephalopods,0,1,1,0,1,0,0,0,0,1,Surface.Seizing,0,0,0,0,0,0,1,0,1,1,1
Pterodroma leucoptera,Pterodroma_leucoptera,Procellariiformes,Procellariidae,1,Roman et al. 2019,2013,South Pacific Ocean,Necropsy,185,-0.25366318579449826,Cephalopods,0,1,1,0,1,0,0,0,0,1,Surface.Seizing,0,0,0,0,0,0,1,0,0,1,0
Pterodroma leucoptera,Pterodroma_leucoptera,Procellariiformes,Procellariidae,NA,"Berr et al., 2020",2016.5,South Pacific Ocean,Necropsy,185,-0.25366318579449826,Cephalopods,0,1,1,0,1,0,0,0,0,1,Surface.Seizing,0,0,0,0,0,0,1,0,7,17,0.4117647058823529
Pterodroma leucoptera,Pterodroma_leucoptera,Procellariiformes,Procellariidae,NA,"Roman et al., 2019a",2015,Southern Ocean,Necropsy,185,-0.25366318579449826,Cephalopods,0,1,1,0,1,0,0,0,0,1,Surface.Seizing,0,0,0,0,0,0,1,0,3,5,0.6
Pterodroma longirostris,Pterodroma_longirostris,Procellariiformes,Procellariidae,1,Ainley et al. 1990b,1986,Southern Ocean,Necropsy,143,-0.2634259501450624,Cephalopods,0,1,1,0,1,0,0,0,0,1,Surface.Seizing,0,0,0,0,0,0,1,0,13,25,0.52
Pterodroma longirostris,Pterodroma_longirostris,Procellariiformes,Procellariidae,1,Blight and Burger 1997,1987,North Pacific Ocean,Necropsy,143,-0.2634259501450624,Cephalopods,0,1,1,0,1,0,0,0,0,1,Surface.Seizing,0,0,0,0,0,0,1,0,1,1,1
Pterodroma longirostris,Pterodroma_longirostris,Procellariiformes,Procellariidae,1,Spear et al. 1995,1987.5,South Pacific Ocean,Necropsy,143,-0.2634259501450624,Cephalopods,0,1,1,0,1,0,0,0,0,1,Surface.Seizing,0,0,0,0,0,0,1,0,34,46,0.7391304347826086
Pterodroma macroptera,Pterodroma_macroptera,Procellariiformes,Procellariidae,1,Ainley et al. 1990b,1986,Southern Ocean,Necropsy,532.5,-0.17288793313209203,Cephalopods,0,1,1,1,0,0,0,0,0,1,Surface.Seizing,0,0,0,0,0,0,1,0,14,92,0.15217391304347827
Pterodroma macroptera,Pterodroma_macroptera,Procellariiformes,Procellariidae,1,Roman et al. 2016,2013,South Pacific Ocean,Necropsy,532.5,-0.17288793313209203,Cephalopods,0,1,1,1,0,0,0,0,0,1,Surface.Seizing,0,0,0,0,0,0,1,0,0,2,0
Pterodroma macroptera,Pterodroma_macroptera,Procellariiformes,Procellariidae,1,Roman et al. 2019,2005,South Pacific Ocean,Necropsy,532.5,-0.17288793313209203,Cephalopods,0,1,1,1,0,0,0,0,0,1,Surface.Seizing,0,0,0,0,0,0,1,0,0,1,0
Pterodroma macroptera,Pterodroma_macroptera,Procellariiformes,Procellariidae,1,Roman et al. 2019,2009,South Pacific Ocean,Necropsy,532.5,-0.17288793313209203,Cephalopods,0,1,1,1,0,0,0,0,0,1,Surface.Seizing,0,0,0,0,0,0,1,0,0,1,0
Pterodroma macroptera,Pterodroma_macroptera,Procellariiformes,Procellariidae,1,Roman et al. 2019,2011,Indian Ocean,Necropsy,532.5,-0.17288793313209203,Cephalopods,0,1,1,1,0,0,0,0,0,1,Surface.Seizing,0,0,0,0,0,0,1,0,0,1,0
Pterodroma macroptera,Pterodroma_macroptera,Procellariiformes,Procellariidae,1,Roman et al. 2019,2015,South Pacific Ocean,Necropsy,532.5,-0.17288793313209203,Cephalopods,0,1,1,1,0,0,0,0,0,1,Surface.Seizing,0,0,0,0,0,0,1,0,0,1,0
Pterodroma macroptera,Pterodroma_macroptera,Procellariiformes,Procellariidae,1,Spear et al. 1995,1987.5,South Pacific Ocean,Necropsy,532.5,-0.17288793313209203,Cephalopods,0,1,1,1,0,0,0,0,0,1,Surface.Seizing,0,0,0,0,0,0,1,0,13,110,0.11818181818181818
Pterodroma macroptera,Pterodroma_macroptera,Procellariiformes,Procellariidae,NA,"Roman et al., 2019a",2015,Southern Ocean,Necropsy,532.5,-0.17288793313209203,Cephalopods,0,1,1,1,0,0,0,0,0,1,Surface.Seizing,0,0,0,0,0,0,1,0,0,4,0
Pterodroma macroptera,Pterodroma_macroptera,Procellariiformes,Procellariidae,NA,Ryan 1987,1982,Indian Ocean,Necropsy,532.5,-0.17288793313209203,Cephalopods,0,1,1,1,0,0,0,0,0,1,Surface.Seizing,0,0,0,0,0,0,1,0,1,13,0.07692307692307693
Pterodroma mollis,Pterodroma_mollis,Procellariiformes,Procellariidae,1,Petry et al. 2002,1997.5,South Pacific Ocean,Necropsy,312,-0.2241424459725541,Cephalopods,0,1,1,1,0,0,0,0,0,1,Surface.Seizing,0,0,0,0,0,0,1,0,1,1,1
Pterodroma mollis,Pterodroma_mollis,Procellariiformes,Procellariidae,1,Tavares et al. 2017,2012,South Pacific Ocean,Necropsy,312,-0.2241424459725541,Cephalopods,0,1,1,1,0,0,0,0,0,1,Surface.Seizing,0,0,0,0,0,0,1,0,1,1,1
Pterodroma mollis,Pterodroma_mollis,Procellariiformes,Procellariidae,1,Tavares et al. 2017,2013,South Pacific Ocean,Necropsy,312,-0.2241424459725541,Cephalopods,0,1,1,1,0,0,0,0,0,1,Surface.Seizing,0,0,0,0,0,0,1,0,0,1,0
Pterodroma mollis,Pterodroma_mollis,Procellariiformes,Procellariidae,NA,Furness 1985a,1983,South Pacific Ocean,Necropsy,312,-0.2241424459725541,Cephalopods,0,1,1,1,0,0,0,0,0,1,Surface.Seizing,0,0,0,0,0,0,1,0,1,18,0.05555555555555555
Pterodroma mollis,Pterodroma_mollis,Procellariiformes,Procellariidae,NA,"Gallo et al., 2024",2019,South Atlantic Ocean,Necropsy,312,-0.2241424459725541,Cephalopods,0,1,1,1,0,0,0,0,0,1,Surface.Seizing,0,0,0,0,0,0,1,0,2,3,0.6666666666666666
Pterodroma mollis,Pterodroma_mollis,Procellariiformes,Procellariidae,NA,Ryan 1987,1982,Indian Ocean,Necropsy,312,-0.2241424459725541,Cephalopods,0,1,1,1,0,0,0,0,0,1,Surface.Seizing,0,0,0,0,0,0,1,0,6,29,0.20689655172413793
Pterodroma mollis,Pterodroma_mollis,Procellariiformes,Procellariidae,NA,"do Nascimiento et al., 2023",2014,South Atlantic Ocean,Necropsy,312,-0.2241424459725541,Cephalopods,0,1,1,1,0,0,0,0,0,1,Surface.Seizing,0,0,0,0,0,0,1,0,1,9,0.1111111111111111
Pterodroma mollis,Pterodroma_mollis,Procellariiformes,Procellariidae,NA,"do Nascimiento, 2022",2018,South Atlantic Ocean,Necropsy,312,-0.2241424459725541,Cephalopods,0,1,1,1,0,0,0,0,0,1,Surface.Seizing,0,0,0,0,0,0,1,0,1,1,1
Pterodroma neglecta,Pterodroma_neglecta,Procellariiformes,Procellariidae,1,Ainley et al. 1990b,1986,Southern Ocean,Necropsy,501,-0.18021000639501517,Cephalopods,0,1,1,1,0,1,0,0,1,1,Surface.Seizing,1,0,0,0,0,0,1,0,0,8,0
Pterodroma neglecta,Pterodroma_neglecta,Procellariiformes,Procellariidae,1,Imber et al. 1995,1991,South Pacific Ocean,Lavage,501,-0.18021000639501517,Cephalopods,0,1,1,1,0,1,0,0,1,1,Surface.Seizing,1,0,0,0,0,0,1,0,2,27,0.07407407407407407
Pterodroma neglecta,Pterodroma_neglecta,Procellariiformes,Procellariidae,1,Spear et al. 1995,1987.5,South Pacific Ocean,Necropsy,501,-0.18021000639501517,Cephalopods,0,1,1,1,0,1,0,0,1,1,Surface.Seizing,1,0,0,0,0,0,1,0,0,11,0
Pterodroma nigripennis,Pterodroma_nigripennis,Procellariiformes,Procellariidae,1,Ainley et al. 1990b,1986,Southern Ocean,Necropsy,163,-0.2587770147400319,Crustaceans,0,0,1,1,0,0,0,0,0,1,Plunging,0,0,0,0,0,0,1,0,1,37,0.02702702702702703
Pterodroma nigripennis,Pterodroma_nigripennis,Procellariiformes,Procellariidae,1,Roman et al. 2019,2016,South Pacific Ocean,Necropsy,163,-0.2587770147400319,Crustaceans,0,0,1,1,0,0,0,0,0,1,Plunging,0,0,0,0,0,0,1,0,0,1,0
Pterodroma nigripennis,Pterodroma_nigripennis,Procellariiformes,Procellariidae,1,Spear et al. 1995,1987.5,South Pacific Ocean,Necropsy,163,-0.2587770147400319,Crustaceans,0,0,1,1,0,0,0,0,0,1,Plunging,0,0,0,0,0,0,1,0,3,66,0.045454545454545456
Pterodroma nigripennis,Pterodroma_nigripennis,Procellariiformes,Procellariidae,NA,Roman et al. 2019,2005,South Pacific Ocean,Necropsy,163,-0.2587770147400319,Crustaceans,0,0,1,1,0,0,0,0,0,1,Plunging,0,0,0,0,0,0,1,0,0,1,0
Pterodroma nigripennis,Pterodroma_nigripennis,Procellariiformes,Procellariidae,NA,"Roman et al., 2019a",2015,Southern Ocean,Necropsy,163,-0.2587770147400319,Crustaceans,0,0,1,1,0,0,0,0,0,1,Plunging,0,0,0,0,0,0,1,0,0,2,0
Pterodroma phaeopygia,Pterodroma_phaeopygia,Procellariiformes,Procellariidae,1,Robards 1993,1990.5,North Pacific Ocean,Necropsy,389,-0.20624404466318638,Cephalopods,0,1,1,1,0,0,0,0,0,1,Surface.Seizing,0,0,0,0,0,0,1,0,1,2,0.5
Pterodroma pycrofti,Pterodroma_pycrofti,Procellariiformes,Procellariidae,1,Ainley et al. 1990b,1986,Southern Ocean,Necropsy,159,-0.259706801821038,Cephalopods,0,0,1,0,0,0,0,0,0,1,Surface.Seizing,0,0,0,0,0,0,1,0,1,2,0.5
Pterodroma pycrofti,Pterodroma_pycrofti,Procellariiformes,Procellariidae,1,Spear et al. 1995,1987.5,South Pacific Ocean,Necropsy,159,-0.259706801821038,Cephalopods,0,0,1,0,0,0,0,0,0,1,Surface.Seizing,0,0,0,0,0,0,1,0,2,5,0.4
Pterodroma sandwichensis,Pterodroma_sandwichensis,Procellariiformes,Procellariidae,1,"Yamashita et al., 2021",2013,North Pacific Ocean,Necropsy,434,-0.1957839400018676,Cephalopods,0,1,1,1,0,0,0,0,0,1,Surface.Seizing,0,0,0,0,1,0,1,0,6,7,0.8571428571428571
Pterodroma solandri,Pterodroma_solandri,Procellariiformes,Procellariidae,1,Bester et al. 2010,2000,South Pacific Ocean,Lavage,471,-0.18718340950256104,Cephalopods,0,1,1,1,0,1,0,0,1,1,Surface.Seizing,0,0,0,0,0,0,1,0,5,48,0.10416666666666667
Pterodroma solandri,Pterodroma_solandri,Procellariiformes,Procellariidae,1,Robards 1993,1990.5,North Pacific Ocean,Necropsy,471,-0.18718340950256104,Cephalopods,0,1,1,1,0,1,0,0,1,1,Surface.Seizing,0,0,0,0,0,0,1,0,1,2,0.5
Pterodroma solandri,Pterodroma_solandri,Procellariiformes,Procellariidae,1,Roman et al. 2016,2013,South Pacific Ocean,Necropsy,471,-0.18718340950256104,Cephalopods,0,1,1,1,0,1,0,0,1,1,Surface.Seizing,0,0,0,0,0,0,1,0,0,1,0
Pterodroma solandri,Pterodroma_solandri,Procellariiformes,Procellariidae,NA,"Roman et al., 2019a",2015,Southern Ocean,Necropsy,471,-0.18718340950256104,Cephalopods,0,1,1,1,0,1,0,0,1,1,Surface.Seizing,0,0,0,0,0,0,1,0,0,1,0
Pterodroma ultima,Pterodroma_ultima,Procellariiformes,Procellariidae,1,Ainley et al. 1990b,1986,Southern Ocean,Necropsy,360,-0.21298500100048073,Cephalopods,0,1,1,1,1,1,0,0,1,1,Surface.Seizing,0,0,0,0,0,0,1,0,0,5,0
Pterodroma ultima,Pterodroma_ultima,Procellariiformes,Procellariidae,1,Imber et al. 1995,1991,South Pacific Ocean,Lavage,360,-0.21298500100048073,Cephalopods,0,1,1,1,1,1,0,0,1,1,Surface.Seizing,0,0,0,0,0,0,1,0,6,37,0.16216216216216217
Pterodroma ultima,Pterodroma_ultima,Procellariiformes,Procellariidae,1,Spear et al. 1995,1987.5,South Pacific Ocean,Necropsy,360,-0.21298500100048073,Cephalopods,0,1,1,1,1,1,0,0,1,1,Surface.Seizing,0,0,0,0,0,0,1,0,2,23,0.08695652173913043
Ptychoramphus aleuticus,Ptychoramphus_aleuticus,Charadriiformes,Alcidae,1,Floren and Shugart 2017,2014,North Pacific Ocean,Necropsy,184,-0.2538956325647498,Crustaceans,0,1,0,1,1,0,0,0,0,1,Diving,0,0,1,0,0,0,0,0,71,169,0.42011834319526625
Ptychoramphus aleuticus,Ptychoramphus_aleuticus,Charadriiformes,Alcidae,1,Robards et al. 1995,1989,North Pacific Ocean,Necropsy,184,-0.2538956325647498,Crustaceans,0,1,0,1,1,0,0,0,0,1,Diving,0,0,1,0,0,0,0,0,4,35,0.11428571428571428
Ptychoramphus aleuticus,Ptychoramphus_aleuticus,Charadriiformes,Alcidae,NA,Day et al. 1984/Day 1980,1973,North Pacific Ocean,Necropsy,184,-0.2538956325647498,Crustaceans,0,1,0,1,1,0,0,0,0,1,Diving,0,0,1,0,0,0,0,0,4,10,0.4
Puffinus assimilis,Puffinus_assimilis,Procellariiformes,Procellariidae,1,Roman et al. 2016,2000,South Pacific Ocean,Necropsy,226,-0.24413286821418556,Fish,0,1,1,1,0,0,0,0,0,1,Plunging,0,0,1,1,0,0,1,0,1,1,1
Puffinus assimilis,Puffinus_assimilis,Procellariiformes,Procellariidae,1,Roman et al. 2016,2013,South Pacific Ocean,Necropsy,226,-0.24413286821418556,Fish,0,1,1,1,0,0,0,0,0,1,Plunging,0,0,1,1,0,0,1,0,1,3,0.3333333333333333
Puffinus assimilis,Puffinus_assimilis,Procellariiformes,Procellariidae,1,Roman et al. 2019,1998,South Pacific Ocean,Necropsy,226,-0.24413286821418556,Fish,0,1,1,1,0,0,0,0,0,1,Plunging,0,0,1,1,0,0,1,0,0,1,0
Puffinus assimilis,Puffinus_assimilis,Procellariiformes,Procellariidae,1,Roman et al. 2019,2000,South Pacific Ocean,Necropsy,226,-0.24413286821418556,Fish,0,1,1,1,0,0,0,0,0,1,Plunging,0,0,1,1,0,0,1,0,1,1,1
Puffinus assimilis,Puffinus_assimilis,Procellariiformes,Procellariidae,1,Roman et al. 2019,2008,South Pacific Ocean,Necropsy,226,-0.24413286821418556,Fish,0,1,1,1,0,0,0,0,0,1,Plunging,0,0,1,1,0,0,1,0,0,1,0
Puffinus assimilis,Puffinus_assimilis,Procellariiformes,Procellariidae,1,Roman et al. 2019,2009,South Pacific Ocean,Necropsy,226,-0.24413286821418556,Fish,0,1,1,1,0,0,0,0,0,1,Plunging,0,0,1,1,0,0,1,0,0,1,0
Puffinus assimilis,Puffinus_assimilis,Procellariiformes,Procellariidae,1,Roman et al. 2019,2011,South Pacific Ocean,Necropsy,226,-0.24413286821418556,Fish,0,1,1,1,0,0,0,0,0,1,Plunging,0,0,1,1,0,0,1,0,1,2,0.5
Puffinus assimilis,Puffinus_assimilis,Procellariiformes,Procellariidae,1,Roman et al. 2019,2012,South Pacific Ocean,Necropsy,226,-0.24413286821418556,Fish,0,1,1,1,0,0,0,0,0,1,Plunging,0,0,1,1,0,0,1,0,1,1,1
Puffinus assimilis,Puffinus_assimilis,Procellariiformes,Procellariidae,1,Roman et al. 2019,2013,South Pacific Ocean,Necropsy,226,-0.24413286821418556,Fish,0,1,1,1,0,0,0,0,0,1,Plunging,0,0,1,1,0,0,1,0,1,1,1
Puffinus assimilis,Puffinus_assimilis,Procellariiformes,Procellariidae,NA,Furness 1985a,1983,South Pacific Ocean,Necropsy,226,-0.24413286821418556,Fish,0,1,1,1,0,0,0,0,0,1,Plunging,0,0,1,1,0,0,1,0,1,13,0.07692307692307693
Puffinus assimilis,Puffinus_assimilis,Procellariiformes,Procellariidae,NA,"Roman et al., 2019a",2015,Southern Ocean,Necropsy,226,-0.24413286821418556,Fish,0,1,1,1,0,0,0,0,0,1,Plunging,0,0,1,1,0,0,1,0,4,8,0.5
Puffinus assimilis,Puffinus_assimilis,Procellariiformes,Procellariidae,NA,Ryan 1987,1982,Indian Ocean,Necropsy,226,-0.24413286821418556,Fish,0,1,1,1,0,0,0,0,0,1,Plunging,0,0,1,1,0,0,1,0,1,15,0.06666666666666667
Puffinus bailloni,Puffinus_bailloni,Procellariiformes,Procellariidae,NA,"Cartraud et al., 2019",2009,Indian Ocean,Necropsy,201.5,-0.24982781408534802,Fish,0,1,1,1,0,1,0,0,1,1,Plunging,0,0,1,1,0,0,1,0,44,56,0.7857142857142857
Puffinus gavia,Puffinus_gavia,Procellariiformes,Procellariidae,1,Roman et al. 2016,2001,South Pacific Ocean,Necropsy,229,-0.24343552790343098,Fish,0,1,0,1,0,0,0,0,0,1,Plunging,0,0,1,1,0,0,1,0,1,1,1
Puffinus gavia,Puffinus_gavia,Procellariiformes,Procellariidae,1,Roman et al. 2016,2013,South Pacific Ocean,Necropsy,229,-0.24343552790343098,Fish,0,1,0,1,0,0,0,0,0,1,Plunging,0,0,1,1,0,0,1,0,4,13,0.3076923076923077
Puffinus gavia,Puffinus_gavia,Procellariiformes,Procellariidae,1,Roman et al. 2019,2000,South Pacific Ocean,Necropsy,229,-0.24343552790343098,Fish,0,1,0,1,0,0,0,0,0,1,Plunging,0,0,1,1,0,0,1,0,0,1,0
Puffinus gavia,Puffinus_gavia,Procellariiformes,Procellariidae,1,Roman et al. 2019,2001,South Pacific Ocean,Necropsy,229,-0.24343552790343098,Fish,0,1,0,1,0,0,0,0,0,1,Plunging,0,0,1,1,0,0,1,0,1,1,1
Puffinus gavia,Puffinus_gavia,Procellariiformes,Procellariidae,1,Roman et al. 2019,2009,Indian Ocean,Necropsy,229,-0.24343552790343098,Fish,0,1,0,1,0,0,0,0,0,1,Plunging,0,0,1,1,0,0,1,0,0,1,0
Puffinus gavia,Puffinus_gavia,Procellariiformes,Procellariidae,1,Roman et al. 2019,2009,South Pacific Ocean,Necropsy,229,-0.24343552790343098,Fish,0,1,0,1,0,0,0,0,0,1,Plunging,0,0,1,1,0,0,1,0,0,1,0
Puffinus gavia,Puffinus_gavia,Procellariiformes,Procellariidae,1,Roman et al. 2019,2010,South Pacific Ocean,Necropsy,229,-0.24343552790343098,Fish,0,1,0,1,0,0,0,0,0,1,Plunging,0,0,1,1,0,0,1,0,0,1,0
Puffinus gavia,Puffinus_gavia,Procellariiformes,Procellariidae,1,Roman et al. 2019,2013,South Pacific Ocean,Necropsy,229,-0.24343552790343098,Fish,0,1,0,1,0,0,0,0,0,1,Plunging,0,0,1,1,0,0,1,0,4,10,0.4
Puffinus gavia,Puffinus_gavia,Procellariiformes,Procellariidae,1,Roman et al. 2019,2015,Indian Ocean,Necropsy,229,-0.24343552790343098,Fish,0,1,0,1,0,0,0,0,0,1,Plunging,0,0,1,1,0,0,1,0,1,1,1
Puffinus gavia,Puffinus_gavia,Procellariiformes,Procellariidae,1,Roman et al. 2019,2016,South Pacific Ocean,Necropsy,229,-0.24343552790343098,Fish,0,1,0,1,0,0,0,0,0,1,Plunging,0,0,1,1,0,0,1,0,0,39,0
Puffinus gavia,Puffinus_gavia,Procellariiformes,Procellariidae,NA,Roman et al. 2019,2013,Indian Ocean,Necropsy,229,-0.24343552790343098,Fish,0,1,0,1,0,0,0,0,0,1,Plunging,0,0,1,1,0,0,1,0,0,1,0
Puffinus gavia,Puffinus_gavia,Procellariiformes,Procellariidae,NA,Roman et al. 2019,2016,Indian Ocean,Necropsy,229,-0.24343552790343098,Fish,0,1,0,1,0,0,0,0,0,1,Plunging,0,0,1,1,0,0,1,0,0,1,0
Puffinus gavia,Puffinus_gavia,Procellariiformes,Procellariidae,NA,Roman et al. 2019,2016,South Pacific Ocean,Necropsy,229,-0.24343552790343098,Fish,0,1,0,1,0,0,0,0,0,1,Plunging,0,0,1,1,0,0,1,0,1,10,0.1
Puffinus gavia,Puffinus_gavia,Procellariiformes,Procellariidae,NA,"Roman et al., 2019a",2015,Southern Ocean,Necropsy,229,-0.24343552790343098,Fish,0,1,0,1,0,0,0,0,0,1,Plunging,0,0,1,1,0,0,1,0,7,70,0.1
Puffinus huttoni,Puffinus_huttoni,Procellariiformes,Procellariidae,1,"Gilbert et al., 2016",2011.5,South Pacific Ocean,Necropsy,310,-0.22460733951305717,Fish,0,1,0,1,0,0,0,0,0,1,Plunging,0,0,1,1,0,0,1,0,1,2,0.5
Puffinus huttoni,Puffinus_huttoni,Procellariiformes,Procellariidae,1,Roman et al. 2016,2013,South Pacific Ocean,Necropsy,310,-0.22460733951305717,Fish,0,1,0,1,0,0,0,0,0,1,Plunging,0,0,1,1,0,0,1,0,0,2,0
Puffinus huttoni,Puffinus_huttoni,Procellariiformes,Procellariidae,1,Roman et al. 2019,2005,South Pacific Ocean,Necropsy,310,-0.22460733951305717,Fish,0,1,0,1,0,0,0,0,0,1,Plunging,0,0,1,1,0,0,1,0,0,1,0
Puffinus huttoni,Puffinus_huttoni,Procellariiformes,Procellariidae,1,Roman et al. 2019,2010,South Pacific Ocean,Necropsy,310,-0.22460733951305717,Fish,0,1,0,1,0,0,0,0,0,1,Plunging,0,0,1,1,0,0,1,0,0,1,0
Puffinus huttoni,Puffinus_huttoni,Procellariiformes,Procellariidae,1,Roman et al. 2019,2014,Indian Ocean,Necropsy,310,-0.22460733951305717,Fish,0,1,0,1,0,0,0,0,0,1,Plunging,0,0,1,1,0,0,1,0,0,1,0
Puffinus huttoni,Puffinus_huttoni,Procellariiformes,Procellariidae,1,Roman et al. 2019,2014,South Pacific Ocean,Necropsy,310,-0.22460733951305717,Fish,0,1,0,1,0,0,0,0,0,1,Plunging,0,0,1,1,0,0,1,0,0,1,0
Puffinus huttoni,Puffinus_huttoni,Procellariiformes,Procellariidae,NA,"Roman et al., 2019a",2015,Southern Ocean,Necropsy,310,-0.22460733951305717,Fish,0,1,0,1,0,0,0,0,0,1,Plunging,0,0,1,1,0,0,1,0,0,4,0
Puffinus lherminieri,Puffinus_lherminieri,Procellariiformes,Procellariidae,NA,"Matos et al., 2024b",2021.5,North Atlantic Ocean,Scat,200,-0.2501764842407253,Fish,0,1,1,1,0,0,0,0,0,1,Plunging,0,0,1,1,0,0,1,0,31,95,0.3263157894736842
Puffinus lherminieri,Puffinus_lherminieri,Procellariiformes,Procellariidae,NA,"Silva, 2022",2021,North Atlantic Ocean,Scat,200,-0.2501764842407253,Fish,0,1,1,1,0,0,0,0,0,1,Plunging,0,0,1,1,0,0,1,0,40,90,0.4444444444444444
Puffinus mauretanicus,Puffinus_mauretanicus,Procellariiformes,Procellariidae,1,Codina-Garcia et al. 2013,2006.5,North Atlantic Ocean,Necropsy,518.5,-0.17614218791561342,Fish,1,1,1,1,0,1,0,0,1,1,Plunging,0,0,1,1,1,0,0,0,32,46,0.6956521739130435
Puffinus mauretanicus,Puffinus_mauretanicus,Procellariiformes,Procellariidae,NA,"Franco et al., 2019",2017,North Atlantic Ocean,Necropsy,518.5,-0.17614218791561342,Fish,1,1,1,1,0,1,0,0,1,1,Plunging,0,0,1,1,1,0,0,0,1,1,1
Puffinus nativitatis,Puffinus_nativitatis,Procellariiformes,Procellariidae,1,Ainley et al. 1990b,1986,Southern Ocean,Necropsy,356,-0.21391478808148684,Cephalopods,1,1,1,0,0,0,0,0,0,1,Plunging,0,0,0,1,0,0,1,0,1,3,0.3333333333333333
Puffinus nativitatis,Puffinus_nativitatis,Procellariiformes,Procellariidae,1,"Lavers & Bond, 2024",2024,South Pacific Ocean,Lavage,356,-0.21391478808148684,Cephalopods,1,1,1,0,0,0,0,0,0,1,Plunging,0,0,0,1,0,0,1,0,7,11,0.6363636363636364
Puffinus nativitatis,Puffinus_nativitatis,Procellariiformes,Procellariidae,1,Sileo et al. 1990a,1986,North Pacific Ocean,Lavage,356,-0.21391478808148684,Cephalopods,1,1,1,0,0,0,0,0,0,1,Plunging,0,0,0,1,0,0,1,0,0,1,0
Puffinus nativitatis,Puffinus_nativitatis,Procellariiformes,Procellariidae,1,Sileo et al. 1990a,1987,North Pacific Ocean,Lavage,356,-0.21391478808148684,Cephalopods,1,1,1,0,0,0,0,0,0,1,Plunging,0,0,0,1,0,0,1,0,7,38,0.18421052631578946
Puffinus nativitatis,Puffinus_nativitatis,Procellariiformes,Procellariidae,1,Spear et al. 1995,1987.5,South Pacific Ocean,Necropsy,356,-0.21391478808148684,Cephalopods,1,1,1,0,0,0,0,0,0,1,Plunging,0,0,0,1,0,0,1,0,2,5,0.4
Puffinus nativitatis,Puffinus_nativitatis,Procellariiformes,Procellariidae,NA,Day et al. 1984/Harrison et al. 1983,1979.5,North Pacific Ocean,Bolus,356,-0.21391478808148684,Cephalopods,1,1,1,0,0,0,0,0,0,1,Plunging,0,0,0,1,0,0,1,0,0,182,0
Puffinus newelli,Puffinus_newelli,Procellariiformes,Procellariidae,1,Sileo et al. 1990a,1987,North Pacific Ocean,Necropsy,381,-0.20810361882519862,Cephalopods,0,1,1,0,0,0,0,0,0,1,Plunging,0,0,0,1,0,0,0,0,2,18,0.1111111111111111
Puffinus puffinus,Puffinus_puffinus,Procellariiformes,Procellariidae,1,Acampora et al. 2016,2015,North Atlantic Ocean,Necropsy,453.5,-0.19125122798196278,Fish,0,1,1,1,0,0,0,0,0,1,Plunging,0,0,0,0,1,0,1,0,1,3,0.3333333333333333
Puffinus puffinus,Puffinus_puffinus,Procellariiformes,Procellariidae,1,"Alley et al., 2022",2018.5,North Atlantic Ocean,Necropsy,453.5,-0.19125122798196278,Fish,0,1,1,1,0,0,0,0,0,1,Plunging,0,0,0,0,1,0,1,0,15,22,0.6818181818181818
Puffinus puffinus,Puffinus_puffinus,Procellariiformes,Procellariidae,1,Barbieri 2009,2001,South Pacific Ocean,Necropsy,453.5,-0.19125122798196278,Fish,0,1,1,1,0,0,0,0,0,1,Plunging,0,0,0,0,1,0,1,0,6,7,0.8571428571428571
Puffinus puffinus,Puffinus_puffinus,Procellariiformes,Procellariidae,1,Colabuono et al. 2009,1999.5,South Pacific Ocean,Necropsy,453.5,-0.19125122798196278,Fish,0,1,1,1,0,0,0,0,0,1,Plunging,0,0,0,0,1,0,1,0,15,25,0.6
Puffinus puffinus,Puffinus_puffinus,Procellariiformes,Procellariidae,1,Colabuono et al. 2010,1991,South Pacific Ocean,Necropsy,453.5,-0.19125122798196278,Fish,0,1,1,1,0,0,0,0,0,1,Plunging,0,0,0,0,1,0,1,0,1,6,0.16666666666666666
Puffinus puffinus,Puffinus_puffinus,Procellariiformes,Procellariidae,1,"Mills et al., 2024",2003,North Atlantic Ocean,Necropsy,453.5,-0.19125122798196278,Fish,0,1,1,1,0,0,0,0,0,1,Plunging,0,0,0,0,1,0,1,0,11,14,0.7857142857142857
Puffinus puffinus,Puffinus_puffinus,Procellariiformes,Procellariidae,1,"Mills et al., 2024",2018,North Atlantic Ocean,Necropsy,453.5,-0.19125122798196278,Fish,0,1,1,1,0,0,0,0,0,1,Plunging,0,0,0,0,1,0,1,0,19,20,0.95
Puffinus puffinus,Puffinus_puffinus,Procellariiformes,Procellariidae,1,Petry et al. 2002,1997.5,South Pacific Ocean,Necropsy,453.5,-0.19125122798196278,Fish,0,1,1,1,0,0,0,0,0,1,Plunging,0,0,0,0,1,0,1,0,20,25,0.8
Puffinus puffinus,Puffinus_puffinus,Procellariiformes,Procellariidae,1,"Serafini et al., 2024",2018,South Atlantic Ocean,Necropsy,453.5,-0.19125122798196278,Fish,0,1,1,1,0,0,0,0,0,1,Plunging,0,0,0,0,1,0,1,0,45,155,0.2903225806451613
Puffinus puffinus,Puffinus_puffinus,Procellariiformes,Procellariidae,1,Tavares et al. 2017,2012,South Pacific Ocean,Necropsy,453.5,-0.19125122798196278,Fish,0,1,1,1,0,0,0,0,0,1,Plunging,0,0,0,0,1,0,1,0,1,21,0.047619047619047616
Puffinus puffinus,Puffinus_puffinus,Procellariiformes,Procellariidae,1,Tavares et al. 2017,2013,South Pacific Ocean,Necropsy,453.5,-0.19125122798196278,Fish,0,1,1,1,0,0,0,0,0,1,Plunging,0,0,0,0,1,0,1,0,0,4,0
Puffinus puffinus,Puffinus_puffinus,Procellariiformes,Procellariidae,1,Tourinho et al. 2010,2007,South Pacific Ocean,Necropsy,453.5,-0.19125122798196278,Fish,0,1,1,1,0,0,0,0,0,1,Plunging,0,0,0,0,1,0,1,0,3,5,0.6
Puffinus puffinus,Puffinus_puffinus,Procellariiformes,Procellariidae,NA,"Di Beneditto and Siciliano, 2021",2009,South Atlantic Ocean,Necropsy,453.5,-0.19125122798196278,Fish,0,1,1,1,0,0,0,0,0,1,Plunging,0,0,0,0,1,0,1,0,0,3,0
Puffinus puffinus,Puffinus_puffinus,Procellariiformes,Procellariidae,NA,Furness 1985a,1984,North Atlantic Ocean,Necropsy,453.5,-0.19125122798196278,Fish,0,1,1,1,0,0,0,0,0,1,Plunging,0,0,0,0,1,0,1,0,3,10,0.3
Puffinus puffinus,Puffinus_puffinus,Procellariiformes,Procellariidae,NA,"Gallo et al., 2024",2019,South Atlantic Ocean,Necropsy,453.5,-0.19125122798196278,Fish,0,1,1,1,0,0,0,0,0,1,Plunging,0,0,0,0,1,0,1,0,10,37,0.2702702702702703
Puffinus puffinus,Puffinus_puffinus,Procellariiformes,Procellariidae,NA,Tavares et al. 2017,2011,South Pacific Ocean,Necropsy,453.5,-0.19125122798196278,Fish,0,1,1,1,0,0,0,0,0,1,Plunging,0,0,0,0,1,0,1,0,1,1,1
Puffinus puffinus,Puffinus_puffinus,Procellariiformes,Procellariidae,NA,Tavares et al. 2017,2012,South Pacific Ocean,Necropsy,453.5,-0.19125122798196278,Fish,0,1,1,1,0,0,0,0,0,1,Plunging,0,0,0,0,1,0,1,0,2,5,0.4
Puffinus puffinus,Puffinus_puffinus,Procellariiformes,Procellariidae,NA,"Vanstreels et al., 2021",2020,South Atlantic Ocean,Necropsy,453.5,-0.19125122798196278,Fish,0,1,1,1,0,0,0,0,0,1,Plunging,0,0,0,0,1,0,1,0,7,20,0.35
Puffinus puffinus,Puffinus_puffinus,Procellariiformes,Procellariidae,NA,"do Nascimiento et al., 2023",2013.5,South Atlantic Ocean,Necropsy,453.5,-0.19125122798196278,Fish,0,1,1,1,0,0,0,0,0,1,Plunging,0,0,0,0,1,0,1,0,3,331,0.00906344410876133
Puffinus puffinus,Puffinus_puffinus,Procellariiformes,Procellariidae,NA,"do Nascimiento, 2022",2018,South Atlantic Ocean,Necropsy,453.5,-0.19125122798196278,Fish,0,1,1,1,0,0,0,0,0,1,Plunging,0,0,0,0,1,0,1,0,2,14,0.14285714285714285
Puffinus yelkouan,Puffinus_yelkouan,Procellariiformes,Procellariidae,1,Codina-Garcia et al. 2013,2006.5,North Atlantic Ocean,Necropsy,382.5,-0.20775494866982133,Fish,0,1,1,1,0,1,0,0,1,1,Plunging,0,0,1,1,1,0,0,0,22,31,0.7096774193548387
Pygoscelis adeliae,Pygoscelis_adeliae,Sphenisciformes,Spheniscidae,1,Ainley et al. 1990a,1978,Southern Ocean,Necropsy,4850,0.8307009974288831,Crustaceans,0,1,1,1,0,0,0,0,0,1,Diving,0,0,1,0,0,0,0,0,0,5,0
Pygoscelis adeliae,Pygoscelis_adeliae,Sphenisciformes,Spheniscidae,1,Ainley et al. 1990a,1985.5,Southern Ocean,Lavage,4850,0.8307009974288831,Crustaceans,0,1,1,1,0,0,0,0,0,1,Diving,0,0,1,0,0,0,0,0,0,29,0
Pygoscelis adeliae,Pygoscelis_adeliae,Sphenisciformes,Spheniscidae,1,Ainley et al. 1990a,1986,Southern Ocean,Lavage,4850,0.8307009974288831,Crustaceans,0,1,1,1,0,0,0,0,0,1,Diving,0,0,1,0,0,0,0,0,0,10,0
Pygoscelis adeliae,Pygoscelis_adeliae,Sphenisciformes,Spheniscidae,1,Ainley et al. 1990a,1986.5,Southern Ocean,Lavage,4850,0.8307009974288831,Crustaceans,0,1,1,1,0,0,0,0,0,1,Diving,0,0,1,0,0,0,0,0,0,60,0
Pygoscelis adeliae,Pygoscelis_adeliae,Sphenisciformes,Spheniscidae,1,"Bhattacharjee et al., 2024",2019.5,Southern Ocean,Necropsy,4850,0.8307009974288831,Crustaceans,0,1,1,1,0,0,0,0,0,1,Diving,0,0,1,0,0,0,0,0,1,1,1
Pygoscelis adeliae,Pygoscelis_adeliae,Sphenisciformes,Spheniscidae,1,"Panasiuk et al., 2020",2012.5,Southern Ocean,Lavage,4850,0.8307009974288831,Crustaceans,0,1,1,1,0,0,0,0,0,1,Diving,0,0,1,0,0,0,0,0,4,30,0.13333333333333333
Pygoscelis adeliae,Pygoscelis_adeliae,Sphenisciformes,Spheniscidae,NA,"Fragão, 2020",2008,Southern Ocean,Scat,4850,0.8307009974288831,Crustaceans,0,1,1,1,0,0,0,0,0,1,Diving,0,0,1,0,0,0,0,0,4,20,0.2
Pygoscelis antarcticus,Pygoscelis_antarcticus,Sphenisciformes,Spheniscidae,1,"Panasiuk et al., 2020",2012.5,Southern Ocean,Lavage,4155.5,0.6692667154891965,Crustaceans,0,1,0,1,0,0,0,0,0,1,Diving,0,0,1,0,0,0,0,0,0,20,0
Pygoscelis antarcticus,Pygoscelis_antarcticus,Sphenisciformes,Spheniscidae,1,Ryan 1987,1982,Indian Ocean,Necropsy,4155.5,0.6692667154891965,Crustaceans,0,1,0,1,0,0,0,0,0,1,Diving,0,0,1,0,0,0,0,0,0,6,0
Pygoscelis antarcticus,Pygoscelis_antarcticus,Sphenisciformes,Spheniscidae,NA,"Fragão, 2020",2006,Southern Ocean,Scat,4155.5,0.6692667154891965,Crustaceans,0,1,0,1,0,0,0,0,0,1,Diving,0,0,1,0,0,0,0,0,11,28,0.39285714285714285
Pygoscelis antarcticus,Pygoscelis_antarcticus,Sphenisciformes,Spheniscidae,NA,"Fragão, 2020",2008,Southern Ocean,Scat,4155.5,0.6692667154891965,Crustaceans,0,1,0,1,0,0,0,0,0,1,Diving,0,0,1,0,0,0,0,0,9,29,0.3103448275862069
Pygoscelis papua,Pygoscelis_papua,Sphenisciformes,Spheniscidae,1,Ainley et al. 1990a,1986.5,Southern Ocean,Lavage,5950,1.0863924447055646,Crustaceans,0,1,1,1,1,0,0,0,0,1,Diving,0,0,1,0,0,0,0,0,0,5,0
Pygoscelis papua,Pygoscelis_papua,Sphenisciformes,Spheniscidae,1,"Panasiuk et al., 2020",2012.5,Southern Ocean,Lavage,5950,1.0863924447055646,Crustaceans,0,1,1,1,1,0,0,0,0,1,Diving,0,0,1,0,0,0,0,0,0,10,0
Pygoscelis papua,Pygoscelis_papua,Sphenisciformes,Spheniscidae,NA,"Bessa et al., 2019",2009,Southern Ocean,Scat,5950,1.0863924447055646,Crustaceans,0,1,1,1,1,0,0,0,0,1,Diving,0,0,1,0,0,0,0,0,16,80,0.2
Pygoscelis papua,Pygoscelis_papua,Sphenisciformes,Spheniscidae,NA,"Fragão, 2020",2006,Southern Ocean,Scat,5950,1.0863924447055646,Crustaceans,0,1,1,1,1,0,0,0,0,1,Diving,0,0,1,0,0,0,0,0,15,47,0.3191489361702128
Pygoscelis papua,Pygoscelis_papua,Sphenisciformes,Spheniscidae,NA,"Fragão, 2020",2007,Southern Ocean,Scat,5950,1.0863924447055646,Crustaceans,0,1,1,1,1,0,0,0,0,1,Diving,0,0,1,0,0,0,0,0,10,18,0.5555555555555556
Pygoscelis papua,Pygoscelis_papua,Sphenisciformes,Spheniscidae,NA,"Fragão, 2020",2008,Southern Ocean,Scat,5950,1.0863924447055646,Crustaceans,0,1,1,1,1,0,0,0,0,1,Diving,0,0,1,0,0,0,0,0,26,95,0.2736842105263158
Pygoscelis papua,Pygoscelis_papua,Sphenisciformes,Spheniscidae,NA,"Fragão, 2020",2012,South Atlantic Ocean,Scat,5950,1.0863924447055646,Crustaceans,0,1,1,1,1,0,0,0,0,1,Diving,0,0,1,0,0,0,0,0,6,23,0.2608695652173913
Pygoscelis papua,Pygoscelis_papua,Sphenisciformes,Spheniscidae,NA,"Fragão, 2020",2013,South Atlantic Ocean,Scat,5950,1.0863924447055646,Crustaceans,0,1,1,1,1,0,0,0,0,1,Diving,0,0,1,0,0,0,0,0,5,23,0.21739130434782608
Pygoscelis papua,Pygoscelis_papua,Sphenisciformes,Spheniscidae,NA,"Fragão, 2020",2014,South Atlantic Ocean,Scat,5950,1.0863924447055646,Crustaceans,0,1,1,1,1,0,0,0,0,1,Diving,0,0,1,0,0,0,0,0,5,20,0.25
Pygoscelis papua,Pygoscelis_papua,Sphenisciformes,Spheniscidae,NA,"Fragão, 2020",2016,South Atlantic Ocean,Scat,5950,1.0863924447055646,Crustaceans,0,1,1,1,1,0,0,0,0,1,Diving,0,0,1,0,0,0,0,0,6,14,0.42857142857142855
Pygoscelis papua,Pygoscelis_papua,Sphenisciformes,Spheniscidae,NA,Ryan 1987,1982,Indian Ocean,Necropsy,5950,1.0863924447055646,Crustaceans,0,1,1,1,1,0,0,0,0,1,Diving,0,0,1,0,0,0,0,0,0,214,0
Rissa brevirostris,Rissa_brevirostris,Charadriiformes,Laridae,1,Robards et al. 1995,1989,North Pacific Ocean,Necropsy,377,-0.20903340590620473,Fish,0,1,1,1,0,0,0,0,0,1,Plunging,0,0,0,1,0,0,1,0,4,15,0.26666666666666666
Rissa brevirostris,Rissa_brevirostris,Charadriiformes,Laridae,NA,Day et al. 1984/Day 1980,1973,North Pacific Ocean,Necropsy,377,-0.20903340590620473,Fish,0,1,1,1,0,0,0,0,0,1,Plunging,0,0,0,1,0,0,1,0,6,46,0.13043478260869565
Rissa tridactyla,Rissa_tridactyla,Charadriiformes,Laridae,1,Acampora et al. 2016,2015,North Atlantic Ocean,Necropsy,416.3,-0.19989824783531968,Fish,1,1,1,1,1,1,0,0,1,1,Surface.Seizing,0,0,0,1,0,0,1,0,2,4,0.5
Rissa tridactyla,Rissa_tridactyla,Charadriiformes,Laridae,1,"Baak et al., 2024",2008,Arctic Ocean,Necropsy,416.3,-0.19989824783531968,Fish,1,1,1,1,1,1,0,0,1,1,Surface.Seizing,0,0,0,1,0,0,1,0,1,5,0.2
Rissa tridactyla,Rissa_tridactyla,Charadriiformes,Laridae,1,"Baak et al., 2024",2021,Arctic Ocean,Necropsy,416.3,-0.19989824783531968,Fish,1,1,1,1,1,1,0,0,1,1,Surface.Seizing,0,0,0,1,0,0,1,0,3,39,0.07692307692307693
Rissa tridactyla,Rissa_tridactyla,Charadriiformes,Laridae,1,Codina-Garcia et al. 2013,2006.5,North Atlantic Ocean,Necropsy,416.3,-0.19989824783531968,Fish,1,1,1,1,1,1,0,0,1,1,Surface.Seizing,0,0,0,1,0,0,1,0,2,4,0.5
Rissa tridactyla,Rissa_tridactyla,Charadriiformes,Laridae,1,Lydersen et al. 1989,1984,Arctic Ocean,Necropsy,416.3,-0.19989824783531968,Fish,1,1,1,1,1,1,0,0,1,1,Surface.Seizing,0,0,0,1,0,0,1,0,1,20,0.05
Rissa tridactyla,Rissa_tridactyla,Charadriiformes,Laridae,1,Poon et al. 2017,2013,Arctic Ocean,Necropsy,416.3,-0.19989824783531968,Fish,1,1,1,1,1,1,0,0,1,1,Surface.Seizing,0,0,0,1,0,0,1,0,1,11,0.09090909090909091
Rissa tridactyla,Rissa_tridactyla,Charadriiformes,Laridae,1,Robards 1993,1990.5,North Pacific Ocean,Necropsy,416.3,-0.19989824783531968,Fish,1,1,1,1,1,1,0,0,1,1,Surface.Seizing,0,0,0,1,0,0,1,0,0,5,0
Rissa tridactyla,Rissa_tridactyla,Charadriiformes,Laridae,1,Robards et al. 1995,1989,North Pacific Ocean,Necropsy,416.3,-0.19989824783531968,Fish,1,1,1,1,1,1,0,0,1,1,Surface.Seizing,0,0,0,1,0,0,1,0,20,256,0.078125
Rissa tridactyla,Rissa_tridactyla,Charadriiformes,Laridae,NA,"Baak et al., 2020b",2018,North Atlantic Ocean,Necropsy,416.3,-0.19989824783531968,Fish,1,1,1,1,1,1,0,0,1,1,Surface.Seizing,0,0,0,1,0,0,1,0,3,20,0.15
Rissa tridactyla,Rissa_tridactyla,Charadriiformes,Laridae,NA,Baltz and Morejohn 1976,1974.5,North Pacific Ocean,Necropsy,416.3,-0.19989824783531968,Fish,1,1,1,1,1,1,0,0,1,1,Surface.Seizing,0,0,0,1,0,0,1,0,0,8,0
Rissa tridactyla,Rissa_tridactyla,Charadriiformes,Laridae,NA,"Basto et al., 2019",2012,North Atlantic Ocean,Necropsy,416.3,-0.19989824783531968,Fish,1,1,1,1,1,1,0,0,1,1,Surface.Seizing,0,0,0,1,0,0,1,0,1,1,1
Rissa tridactyla,Rissa_tridactyla,Charadriiformes,Laridae,NA,Day et al. 1984/Day 1980,1973,North Pacific Ocean,Necropsy,416.3,-0.19989824783531968,Fish,1,1,1,1,1,1,0,0,1,1,Surface.Seizing,0,0,0,1,0,0,1,0,9,188,0.047872340425531915
Rissa tridactyla,Rissa_tridactyla,Charadriiformes,Laridae,NA,"Franco et al., 2019",2016,North Atlantic Ocean,Necropsy,416.3,-0.19989824783531968,Fish,1,1,1,1,1,1,0,0,1,1,Surface.Seizing,0,0,0,1,0,0,1,0,2,9,0.2222222222222222
Rissa tridactyla,Rissa_tridactyla,Charadriiformes,Laridae,NA,"Padula et al., 2020",2012,North Pacific Ocean,Necropsy,416.3,-0.19989824783531968,Fish,1,1,1,1,1,1,0,0,1,1,Surface.Seizing,0,0,0,1,0,0,1,0,1,5,0.2
Rissa tridactyla,Rissa_tridactyla,Charadriiformes,Laridae,NA,"van Franeker et al., 2024",2019,North Atlantic Ocean,Necropsy,416.3,-0.19989824783531968,Fish,1,1,1,1,1,1,0,0,1,1,Surface.Seizing,0,0,0,1,0,0,1,0,3,4,0.75
Rynchops niger,Rynchops_niger,Charadriiformes,Laridae,1,"Donnelly-Greenan et al., 2023",2010,North Atlantic Ocean,Necropsy,301.5,-0.22658313706019514,Fish,0,1,0,1,0,0,0,0,0,0,Skimming,0,0,0,0,0,1,0,0,0,49,0
Somateria mollissima,Somateria_mollissima,Anseriformes,Anatidae,1,English et al. 2015,2013.5,North Atlantic Ocean,Necropsy,2066.5,0.18368541243375303,Other.Inverts,0,1,0,1,1,0,0,0,0,0,Bottom.Feeding,0,1,1,0,0,0,1,0,1,36,0.027777777777777776
Somateria mollissima,Somateria_mollissima,Anseriformes,Anatidae,1,Lydersen et al. 1989,1984,Arctic Ocean,Necropsy,2066.5,0.18368541243375303,Other.Inverts,0,1,0,1,1,0,0,0,0,0,Bottom.Feeding,0,1,1,0,0,0,1,0,0,20,0
Somateria mollissima,Somateria_mollissima,Anseriformes,Anatidae,1,Provencher et al. 2014,2001,Arctic Ocean,Necropsy,2066.5,0.18368541243375303,Other.Inverts,0,1,0,1,1,0,0,0,0,0,Bottom.Feeding,0,1,1,0,0,0,1,0,0,108,0
Somateria mollissima,Somateria_mollissima,Anseriformes,Anatidae,1,Provencher et al. 2014,2011,Arctic Ocean,Necropsy,2066.5,0.18368541243375303,Other.Inverts,0,1,0,1,1,0,0,0,0,0,Bottom.Feeding,0,1,1,0,0,0,1,0,1,100,0.01
Somateria mollissima,Somateria_mollissima,Anseriformes,Anatidae,NA,"Bange et al., 2023",2013.5,North Atlantic Ocean,Necropsy,2066.5,0.18368541243375303,Other.Inverts,0,1,0,1,1,0,0,0,0,0,Bottom.Feeding,0,1,1,0,0,0,1,0,39,42,0.9285714285714286
Somateria mollissima,Somateria_mollissima,Anseriformes,Anatidae,NA,"Bange et al., 2023",2016,North Atlantic Ocean,Scat,2066.5,0.18368541243375303,Other.Inverts,0,1,0,1,1,0,0,0,0,0,Bottom.Feeding,0,1,1,0,0,0,1,0,89,120,0.7416666666666667
Somateria mollissima,Somateria_mollissima,Anseriformes,Anatidae,NA,English et al. 2015,2013.5,North Atlantic Ocean,Necropsy,2066.5,0.18368541243375303,Other.Inverts,0,1,0,1,1,0,0,0,0,0,Bottom.Feeding,0,1,1,0,0,0,1,0,0,12,0
Somateria mollissima,Somateria_mollissima,Anseriformes,Anatidae,NA,Provencher et al. 2014,2000.5,Arctic Ocean,Necropsy,2066.5,0.18368541243375303,Other.Inverts,0,1,0,1,1,0,0,0,0,0,Bottom.Feeding,0,1,1,0,0,0,1,0,0,629,0
Somateria mollissima,Somateria_mollissima,Anseriformes,Anatidae,NA,Provencher et al. 2014,2012,Arctic Ocean,Necropsy,2066.5,0.18368541243375303,Other.Inverts,0,1,0,1,1,0,0,0,0,0,Bottom.Feeding,0,1,1,0,0,0,1,0,0,135,0
Somateria spectabilis,Somateria_spectabilis,Anseriformes,Anatidae,1,Provencher et al. 2014,2001,Arctic Ocean,Necropsy,1617.5,0.07931681259081663,Other.Inverts,1,0,0,1,1,0,0,0,0,0,Bottom.Feeding,0,1,1,0,0,0,1,0,0,3,0
Somateria spectabilis,Somateria_spectabilis,Anseriformes,Anatidae,1,Provencher et al. 2014,2011,Arctic Ocean,Necropsy,1617.5,0.07931681259081663,Other.Inverts,1,0,0,1,1,0,0,0,0,0,Bottom.Feeding,0,1,1,0,0,0,1,0,0,10,0
Somateria spectabilis,Somateria_spectabilis,Anseriformes,Anatidae,NA,Provencher et al. 2014,2001,Arctic Ocean,Necropsy,1617.5,0.07931681259081663,Other.Inverts,1,0,0,1,1,0,0,0,0,0,Bottom.Feeding,0,1,1,0,0,0,1,0,0,41,0
Spheniscus demersus,Spheniscus_demersus,Sphenisciformes,Spheniscidae,1,"Vanstreels et al., 2020",1998.5,South Atlantic Ocean,Lavage,3135,0.43205478644751144,Fish,0,1,1,0,0,0,0,0,0,1,Diving,0,0,1,0,0,0,0,0,6,4793,0.0012518255789693302
Spheniscus demersus,Spheniscus_demersus,Sphenisciformes,Spheniscidae,1,"Vanstreels et al., 2020",2016,South Atlantic Ocean,Necropsy,3135,0.43205478644751144,Fish,0,1,1,0,0,0,0,0,0,1,Diving,0,0,1,0,0,0,0,0,1,2,0.5
Spheniscus demersus,Spheniscus_demersus,Sphenisciformes,Spheniscidae,1,"Vanstreels et al., 2020",2017.5,South Atlantic Ocean,Necropsy,3135,0.43205478644751144,Fish,0,1,1,0,0,0,0,0,0,1,Diving,0,0,1,0,0,0,0,0,1,159,0.006289308176100629
Spheniscus demersus,Spheniscus_demersus,Sphenisciformes,Spheniscidae,NA,Ryan 1987,1982,Indian Ocean,Necropsy,3135,0.43205478644751144,Fish,0,1,1,0,0,0,0,0,0,1,Diving,0,0,1,0,0,0,0,0,0,210,0
Spheniscus humboldti,Spheniscus_humboldti,Sphenisciformes,Spheniscidae,NA,"Mendez-Sanhueza et al., 2023",2021.5,South Pacific Ocean,Scat,4379,0.7212185686404131,Fish,1,1,1,1,1,0,0,0,0,1,Diving,0,0,1,0,0,0,0,0,0,1,0
Spheniscus humboldti,Spheniscus_humboldti,Sphenisciformes,Spheniscidae,NA,Ryan 1987,1982,South Pacific Ocean,Necropsy,4379,0.7212185686404131,Fish,1,1,1,1,1,0,0,0,0,1,Diving,0,0,1,0,0,0,0,0,0,30,0
Spheniscus magellanicus,Spheniscus_magellanicus,Sphenisciformes,Spheniscidae,1,Brandao et al. 2011,2009,South Pacific Ocean,Necropsy,4120,0.6610148551452673,Fish,0,1,1,1,0,0,0,0,0,1,Diving,0,0,1,0,0,0,0,0,26,175,0.14857142857142858
Spheniscus magellanicus,Spheniscus_magellanicus,Sphenisciformes,Spheniscidae,1,"Neto et al., 2021",2020,South Atlantic Ocean,Necropsy,4120,0.6610148551452673,Fish,0,1,1,1,0,0,0,0,0,1,Diving,0,0,1,0,0,0,0,0,1,1,1
Spheniscus magellanicus,Spheniscus_magellanicus,Sphenisciformes,Spheniscidae,1,Petry et al. 2002,1997.5,South Pacific Ocean,Necropsy,4120,0.6610148551452673,Fish,0,1,1,1,0,0,0,0,0,1,Diving,0,0,1,0,0,0,0,0,115,144,0.7986111111111112
Spheniscus magellanicus,Spheniscus_magellanicus,Sphenisciformes,Spheniscidae,1,Pinto et al. 2006,2000,South Pacific Ocean,Necropsy,4120,0.6610148551452673,Fish,0,1,1,1,0,0,0,0,0,1,Diving,0,0,1,0,0,0,0,0,4,12,0.3333333333333333
Spheniscus magellanicus,Spheniscus_magellanicus,Sphenisciformes,Spheniscidae,1,"Pon et al., 2023",2017.5,South Atlantic Ocean,Necropsy,4120,0.6610148551452673,Fish,0,1,1,1,0,0,0,0,0,1,Diving,0,0,1,0,0,0,0,0,20,148,0.13513513513513514
Spheniscus magellanicus,Spheniscus_magellanicus,Sphenisciformes,Spheniscidae,1,Tavares et al. 2017,2011,South Pacific Ocean,Necropsy,4120,0.6610148551452673,Fish,0,1,1,1,0,0,0,0,0,1,Diving,0,0,1,0,0,0,0,0,10,63,0.15873015873015872
Spheniscus magellanicus,Spheniscus_magellanicus,Sphenisciformes,Spheniscidae,1,Tavares et al. 2017,2012,South Pacific Ocean,Necropsy,4120,0.6610148551452673,Fish,0,1,1,1,0,0,0,0,0,1,Diving,0,0,1,0,0,0,0,0,23,73,0.3150684931506849
Spheniscus magellanicus,Spheniscus_magellanicus,Sphenisciformes,Spheniscidae,1,Tavares et al. 2017,2013,South Pacific Ocean,Necropsy,4120,0.6610148551452673,Fish,0,1,1,1,0,0,0,0,0,1,Diving,0,0,1,0,0,0,0,0,13,214,0.06074766355140187
Spheniscus magellanicus,Spheniscus_magellanicus,Sphenisciformes,Spheniscidae,NA,Baltz and Morejohn 1976,1987.5,South Pacific Ocean,Necropsy,4120,0.6610148551452673,Fish,0,1,1,1,0,0,0,0,0,1,Diving,0,0,1,0,0,0,0,0,11,67,0.16417910447761194
Spheniscus magellanicus,Spheniscus_magellanicus,Sphenisciformes,Spheniscidae,NA,"Klopertanz et al., 2022",2021,South Atlantic Ocean,Necropsy,4120,0.6610148551452673,Fish,0,1,1,1,0,0,0,0,0,1,Diving,0,0,1,0,0,0,0,0,0,7,0
Spheniscus magellanicus,Spheniscus_magellanicus,Sphenisciformes,Spheniscidae,NA,"Mendez-Sanhueza et al., 2023",2021.5,South Pacific Ocean,Scat,4120,0.6610148551452673,Fish,0,1,1,1,0,0,0,0,0,1,Diving,0,0,1,0,0,0,0,0,7,7,1
Spheniscus magellanicus,Spheniscus_magellanicus,Sphenisciformes,Spheniscidae,NA,Ryan 1987,1982,South Pacific Ocean,Necropsy,4120,0.6610148551452673,Fish,0,1,1,1,0,0,0,0,0,1,Diving,0,0,1,0,0,0,0,0,0,35,0
Spheniscus magellanicus,Spheniscus_magellanicus,Sphenisciformes,Spheniscidae,NA,"Vanstreels et al., 2021",2020,South Atlantic Ocean,Necropsy,4120,0.6610148551452673,Fish,0,1,1,1,0,0,0,0,0,1,Diving,0,0,1,0,0,0,0,0,8,16,0.5
Spheniscus magellanicus,Spheniscus_magellanicus,Sphenisciformes,Spheniscidae,NA,"do Nascimiento et al., 2023",2013.5,South Atlantic Ocean,Necropsy,4120,0.6610148551452673,Fish,0,1,1,1,0,0,0,0,0,1,Diving,0,0,1,0,0,0,0,0,33,609,0.054187192118226604
Spheniscus mendiculus,Spheniscus_mendiculus,Sphenisciformes,Spheniscidae,NA,"McMullen, 2023",2021,South Pacific Ocean,Scat,1932.5,0.15253754522004817,Fish,0,1,1,1,0,0,0,0,0,1,Diving,0,0,1,0,0,0,0,0,0,2,0
Stercorarius antarcticus,Stercorarius_antarcticus,Charadriiformes,Stercorariidae,1,Auman et al. 2004,2000.5,Indian Ocean,Necropsy,1650,0.08687133262399131,Carrion.NonFishVertebrates,1,1,1,1,0,1,0,0,1,1,Aerial.Pursuit,1,0,0,0,1,0,0,1,0,4,0
Stercorarius antarcticus,Stercorarius_antarcticus,Charadriiformes,Stercorariidae,NA,Furness 1985a,1983,South Pacific Ocean,Necropsy,1650,0.08687133262399131,Carrion.NonFishVertebrates,1,1,1,1,0,1,0,0,1,1,Aerial.Pursuit,1,0,0,0,1,0,0,1,1,11,0.09090909090909091
Stercorarius antarcticus,Stercorarius_antarcticus,Charadriiformes,Stercorariidae,NA,"Ibañez et al., 2020",2015,South Atlantic Ocean,Bolus,1650,0.08687133262399131,Carrion.NonFishVertebrates,1,1,1,1,0,1,0,0,1,1,Aerial.Pursuit,1,0,0,0,1,0,0,1,90,1001,0.0899100899100899
Stercorarius antarcticus,Stercorarius_antarcticus,Charadriiformes,Stercorariidae,NA,"Lenzi et al., 2022",2020,Southern Ocean,Bolus,1650,0.08687133262399131,Carrion.NonFishVertebrates,1,1,1,1,0,1,0,0,1,1,Aerial.Pursuit,1,0,0,0,1,0,0,1,7,64,0.109375
Stercorarius antarcticus,Stercorarius_antarcticus,Charadriiformes,Stercorariidae,NA,"Perold et al., 2024",2002.5,South Atlantic Ocean,Bolus,1650,0.08687133262399131,Carrion.NonFishVertebrates,1,1,1,1,0,1,0,0,1,1,Aerial.Pursuit,1,0,0,0,1,0,0,1,2389,4977,0.4800080369700623
Stercorarius antarcticus,Stercorarius_antarcticus,Charadriiformes,Stercorariidae,NA,Ryan 1987,1982,Indian Ocean,Necropsy,1650,0.08687133262399131,Carrion.NonFishVertebrates,1,1,1,1,0,1,0,0,1,1,Aerial.Pursuit,1,0,0,0,1,0,0,1,113,494,0.22874493927125505
Stercorarius antarcticus,Stercorarius_antarcticus,Charadriiformes,Stercorariidae,NA,"Slip et al., 1990",1988,South Pacific Ocean,Necropsy,1650,0.08687133262399131,Carrion.NonFishVertebrates,1,1,1,1,0,1,0,0,1,1,Aerial.Pursuit,1,0,0,0,1,0,0,1,2,3,0.6666666666666666
Stercorarius antarcticus,Stercorarius_antarcticus,Charadriiformes,Stercorariidae,NA,"de Almeida Reis et al., 2021",2008.5,Southern Ocean,Bolus,1650,0.08687133262399131,Carrion.NonFishVertebrates,1,1,1,1,0,1,0,0,1,1,Aerial.Pursuit,1,0,0,0,1,0,0,1,1,11,0.09090909090909091
Stercorarius antarcticus,Stercorarius_antarcticus,Charadriiformes,Stercorariidae,NA,"de Almeida Reis et al., 2021",2010.5,Southern Ocean,Bolus,1650,0.08687133262399131,Carrion.NonFishVertebrates,1,1,1,1,0,1,0,0,1,1,Aerial.Pursuit,1,0,0,0,1,0,0,1,0,105,0
Stercorarius longicaudus,Stercorarius_longicaudus,Charadriiformes,Stercorariidae,1,Robards 1993,1990.5,North Pacific Ocean,Necropsy,288.5,-0.22960494507346502,Carrion.NonFishVertebrates,1,1,1,1,1,1,0,0,1,0,Surface.Seizing,1,0,0,0,1,0,1,1,0,2,0
Stercorarius longicaudus,Stercorarius_longicaudus,Charadriiformes,Stercorariidae,1,Spear et al. 1995,1987.5,South Pacific Ocean,Necropsy,288.5,-0.22960494507346502,Carrion.NonFishVertebrates,1,1,1,1,1,1,0,0,1,0,Surface.Seizing,1,0,0,0,1,0,1,1,1,2,0.5
Stercorarius maccormicki,Stercorarius_maccormicki,Charadriiformes,Stercorariidae,1,Ainley et al. 1990a,1978,Southern Ocean,Necropsy,1349,0.016904854778281173,Fish,1,1,0,1,0,0,0,1,1,1,Surface.Seizing,0,0,0,0,1,0,0,1,0,25,0
Stercorarius maccormicki,Stercorarius_maccormicki,Charadriiformes,Stercorariidae,1,Robards 1993,1990.5,North Pacific Ocean,Necropsy,1349,0.016904854778281173,Fish,1,1,0,1,0,0,0,1,1,1,Surface.Seizing,0,0,0,0,1,0,0,1,1,2,0.5
Stercorarius maccormicki,Stercorarius_maccormicki,Charadriiformes,Stercorariidae,NA,Golubev 2020,2013.5,Southern Ocean,Bolus,1349,0.016904854778281173,Fish,1,1,0,1,0,0,0,1,1,1,Surface.Seizing,0,0,0,0,1,0,0,1,3,55,0.05454545454545454
Stercorarius maccormicki,Stercorarius_maccormicki,Charadriiformes,Stercorariidae,NA,"Lenzi et al., 2022",2020,Southern Ocean,Bolus,1349,0.016904854778281173,Fish,1,1,0,1,0,0,0,1,1,1,Surface.Seizing,0,0,0,0,1,0,0,1,2,13,0.15384615384615385
Stercorarius maccormicki,Stercorarius_maccormicki,Charadriiformes,Stercorariidae,NA,"de Almeida Reis et al., 2021",2008.5,Southern Ocean,Bolus,1349,0.016904854778281173,Fish,1,1,0,1,0,0,0,1,1,1,Surface.Seizing,0,0,0,0,1,0,0,1,0,52,0
Stercorarius maccormicki,Stercorarius_maccormicki,Charadriiformes,Stercorariidae,NA,"de Almeida Reis et al., 2021",2010.5,Southern Ocean,Bolus,1349,0.016904854778281173,Fish,1,1,0,1,0,0,0,1,1,1,Surface.Seizing,0,0,0,0,1,0,0,1,0,69,0
Stercorarius parasiticus,Stercorarius_parasiticus,Charadriiformes,Stercorariidae,1,Acampora et al. 2016,2015,North Atlantic Ocean,Necropsy,445.5,-0.19311080214397502,Carrion.NonFishVertebrates,1,1,1,1,1,0,0,0,0,0,Aerial.Pursuit,1,0,0,1,1,0,1,1,1,1,1
Stercorarius parasiticus,Stercorarius_parasiticus,Charadriiformes,Stercorariidae,1,Ainley et al. 1990b,1986,Southern Ocean,Necropsy,445.5,-0.19311080214397502,Carrion.NonFishVertebrates,1,1,1,1,1,0,0,0,0,0,Aerial.Pursuit,1,0,0,1,1,0,1,1,1,2,0.5
Stercorarius parasiticus,Stercorarius_parasiticus,Charadriiformes,Stercorariidae,NA,Day et al. 1984/Day 1980,1973,North Pacific Ocean,Necropsy,445.5,-0.19311080214397502,Carrion.NonFishVertebrates,1,1,1,1,1,0,0,0,0,0,Aerial.Pursuit,1,0,0,1,1,0,1,1,0,1,0
Stercorarius parasiticus,Stercorarius_parasiticus,Charadriiformes,Stercorariidae,NA,Ryan 1987,1982,Indian Ocean,Necropsy,445.5,-0.19311080214397502,Carrion.NonFishVertebrates,1,1,1,1,1,0,0,0,0,0,Aerial.Pursuit,1,0,0,1,1,0,1,1,1,2,0.5
Stercorarius parasiticus,Stercorarius_parasiticus,Charadriiformes,Stercorariidae,NA,"do Nascimiento et al., 2023",2013.5,South Atlantic Ocean,Necropsy,445.5,-0.19311080214397502,Carrion.NonFishVertebrates,1,1,1,1,1,0,0,0,0,0,Aerial.Pursuit,1,0,0,1,1,0,1,1,0,7,0
Stercorarius pomarinus,Stercorarius_pomarinus,Charadriiformes,Stercorariidae,1,Robards 1993,1990.5,North Pacific Ocean,Necropsy,694,-0.13534777973647014,Fish,1,1,0,0,0,0,0,0,0,1,Aerial.Pursuit,1,0,0,0,1,0,1,1,0,1,0
Stercorarius pomarinus,Stercorarius_pomarinus,Charadriiformes,Stercorariidae,1,Ryan 1987,1982,South Pacific Ocean,Necropsy,694,-0.13534777973647014,Fish,1,1,0,0,0,0,0,0,0,1,Aerial.Pursuit,1,0,0,0,1,0,1,1,0,1,0
Stercorarius pomarinus,Stercorarius_pomarinus,Charadriiformes,Stercorariidae,1,Spear et al. 1995,1987.5,South Pacific Ocean,Necropsy,694,-0.13534777973647014,Fish,1,1,0,0,0,0,0,0,0,1,Aerial.Pursuit,1,0,0,0,1,0,1,1,0,2,0
Stercorarius pomarinus,Stercorarius_pomarinus,Charadriiformes,Stercorariidae,NA,Day et al. 1984/Day 1980,1973,North Pacific Ocean,Necropsy,694,-0.13534777973647014,Fish,1,1,0,0,0,0,0,0,0,1,Aerial.Pursuit,1,0,0,0,1,0,1,1,0,1,0
Stercorarius skua,Stercorarius_skua,Charadriiformes,Stercorariidae,1,Codina-Garcia et al. 2013,2006.5,North Atlantic Ocean,Necropsy,1340,0.014812833846017413,Carrion.NonFishVertebrates,1,1,0,0,0,1,0,1,1,1,Surface.Seizing,1,0,0,1,1,0,0,1,1,2,0.5
Stercorarius skua,Stercorarius_skua,Charadriiformes,Stercorariidae,1,Hammer et al. 2016,2013,North Atlantic Ocean,Bolus,1340,0.014812833846017413,Carrion.NonFishVertebrates,1,1,0,0,0,1,0,1,1,1,Surface.Seizing,1,0,0,1,1,0,0,1,10,165,0.06060606060606061
Stercorarius skua,Stercorarius_skua,Charadriiformes,Stercorariidae,NA,Ryan and Fraser 1988,1982.5,South Pacific Ocean,Bolus,1340,0.014812833846017413,Carrion.NonFishVertebrates,1,1,0,0,0,1,0,1,1,1,Surface.Seizing,1,0,0,1,1,0,0,1,106,483,0.2194616977225673
Sterna dougallii,Sterna_dougallii,Charadriiformes,Laridae,1,Tavares et al. 2017,2012,South Pacific Ocean,Necropsy,108.75,-0.2713872520261773,Fish,0,1,0,1,1,0,0,0,0,1,Plunging,0,0,0,1,0,0,1,0,0,1,0
Sterna dougallii,Sterna_dougallii,Charadriiformes,Laridae,NA,"Berr et al., 2020",2016.5,South Pacific Ocean,Necropsy,108.75,-0.2713872520261773,Fish,0,1,0,1,1,0,0,0,0,1,Plunging,0,0,0,1,0,0,1,0,0,4,0
Sterna hirundinacea,Sterna_hirundinacea,Charadriiformes,Laridae,1,Tavares et al. 2017,2012,South Pacific Ocean,Necropsy,180,-0.2548254196457559,Fish,0,1,0,1,1,0,0,0,0,1,Plunging,0,0,0,1,0,0,0,0,0,2,0
Sterna hirundinacea,Sterna_hirundinacea,Charadriiformes,Laridae,NA,Tavares et al. 2017,2012,South Pacific Ocean,Necropsy,180,-0.2548254196457559,Fish,0,1,0,1,1,0,0,0,0,1,Plunging,0,0,0,1,0,0,0,0,0,1,0
Sterna hirundinacea,Sterna_hirundinacea,Charadriiformes,Laridae,NA,"Vanstreels et al., 2021",2020,South Atlantic Ocean,Necropsy,180,-0.2548254196457559,Fish,0,1,0,1,1,0,0,0,0,1,Plunging,0,0,0,1,0,0,0,0,0,3,0
Sterna hirundinacea,Sterna_hirundinacea,Charadriiformes,Laridae,NA,"do Nascimiento et al., 2023",2014,South Atlantic Ocean,Necropsy,180,-0.2548254196457559,Fish,0,1,0,1,1,0,0,0,0,1,Plunging,0,0,0,1,0,0,0,0,0,19,0
Sterna hirundo,Sterna_hirundo,Charadriiformes,Laridae,1,"Caldwell et al., 2022",2019,North Atlantic Ocean,Scat,120,-0.2687722258608476,Fish,0,1,0,0,1,1,0,0,1,0,Plunging,0,0,0,1,0,0,1,0,0,65,0
Sterna hirundo,Sterna_hirundo,Charadriiformes,Laridae,1,Tavares et al. 2017,2011,South Pacific Ocean,Necropsy,120,-0.2687722258608476,Fish,0,1,0,0,1,1,0,0,1,0,Plunging,0,0,0,1,0,0,1,0,0,6,0
Sterna hirundo,Sterna_hirundo,Charadriiformes,Laridae,1,Tavares et al. 2017,2012,South Pacific Ocean,Necropsy,120,-0.2687722258608476,Fish,0,1,0,0,1,1,0,0,1,0,Plunging,0,0,0,1,0,0,1,0,0,9,0
Sterna hirundo,Sterna_hirundo,Charadriiformes,Laridae,1,Tavares et al. 2017,2013,South Pacific Ocean,Necropsy,120,-0.2687722258608476,Fish,0,1,0,0,1,1,0,0,1,0,Plunging,0,0,0,1,0,0,1,0,1,5,0.2
Sterna hirundo,Sterna_hirundo,Charadriiformes,Laridae,NA,"Carrillo et al., 2023",2019.5,South Atlantic Ocean,Necropsy,120,-0.2687722258608476,Fish,0,1,0,0,1,1,0,0,1,0,Plunging,0,0,0,1,0,0,1,0,10,10,1
Sterna hirundo,Sterna_hirundo,Charadriiformes,Laridae,NA,"Di Beneditto and Siciliano, 2021",2010,South Atlantic Ocean,Necropsy,120,-0.2687722258608476,Fish,0,1,0,0,1,1,0,0,1,0,Plunging,0,0,0,1,0,0,1,0,0,1,0
Sterna hirundo,Sterna_hirundo,Charadriiformes,Laridae,NA,"Franco et al., 2019",2017,North Atlantic Ocean,Necropsy,120,-0.2687722258608476,Fish,0,1,0,0,1,1,0,0,1,0,Plunging,0,0,0,1,0,0,1,0,0,1,0
Sterna hirundo,Sterna_hirundo,Charadriiformes,Laridae,NA,Ryan 1987,1982,Indian Ocean,Necropsy,120,-0.2687722258608476,Fish,0,1,0,0,1,1,0,0,1,0,Plunging,0,0,0,1,0,0,1,0,0,13,0
Sterna hirundo,Sterna_hirundo,Charadriiformes,Laridae,NA,Tavares et al. 2017,2011,South Pacific Ocean,Necropsy,120,-0.2687722258608476,Fish,0,1,0,0,1,1,0,0,1,0,Plunging,0,0,0,1,0,0,1,0,0,2,0
Sterna hirundo,Sterna_hirundo,Charadriiformes,Laridae,NA,"Vanstreels et al., 2021",2020,South Atlantic Ocean,Necropsy,120,-0.2687722258608476,Fish,0,1,0,0,1,1,0,0,1,0,Plunging,0,0,0,1,0,0,1,0,2,9,0.2222222222222222
Sterna hirundo,Sterna_hirundo,Charadriiformes,Laridae,NA,"do Nascimiento et al., 2023",2014,South Atlantic Ocean,Necropsy,120,-0.2687722258608476,Fish,0,1,0,0,1,1,0,0,1,0,Plunging,0,0,0,1,0,0,1,0,0,82,0
Sterna paradisaea,Sterna_paradisaea,Charadriiformes,Laridae,1,Ainley et al. 1990a,1985.5,South Pacific Ocean,Necropsy,110,-0.2710966935633629,Fish,0,1,0,1,1,1,0,0,1,0,Plunging,0,0,0,1,0,0,1,0,0,10,0
Sterna paradisaea,Sterna_paradisaea,Charadriiformes,Laridae,1,Ainley et al. 1990a,1986,Southern Ocean,Necropsy,110,-0.2710966935633629,Fish,0,1,0,1,1,1,0,0,1,0,Plunging,0,0,0,1,0,0,1,0,0,14,0
Sterna paradisaea,Sterna_paradisaea,Charadriiformes,Laridae,1,Ryan 1987,1982,Southern Ocean,Necropsy,110,-0.2710966935633629,Fish,0,1,0,1,1,1,0,0,1,0,Plunging,0,0,0,1,0,0,1,0,0,21,0
Sterna paradisaea,Sterna_paradisaea,Charadriiformes,Laridae,NA,Day et al. 1984/Day 1980,1973,North Pacific Ocean,Necropsy,110,-0.2710966935633629,Fish,0,1,0,1,1,1,0,0,1,0,Plunging,0,0,0,1,0,0,1,0,0,21,0
Sterna paradisaea,Sterna_paradisaea,Charadriiformes,Laridae,NA,"do Nascimiento et al., 2023",2014.5,South Atlantic Ocean,Necropsy,110,-0.2710966935633629,Fish,0,1,0,1,1,1,0,0,1,0,Plunging,0,0,0,1,0,0,1,0,0,4,0
Sterna vittata,Sterna_vittata,Charadriiformes,Laridae,1,Ainley et al. 1990a,1986,Southern Ocean,Necropsy,139,-0.2643557372260686,Fish,0,1,0,1,1,1,0,0,1,1,Plunging,0,0,0,1,1,0,1,1,0,5,0
Sterna vittata,Sterna_vittata,Charadriiformes,Laridae,1,Ainley et al. 1990a,1986.5,Southern Ocean,Necropsy,139,-0.2643557372260686,Fish,0,1,0,1,1,1,0,0,1,1,Plunging,0,0,0,1,1,0,1,1,0,12,0
Sterna vittata,Sterna_vittata,Charadriiformes,Laridae,1,Ryan 1987,1982,Indian Ocean,Necropsy,139,-0.2643557372260686,Fish,0,1,0,1,1,1,0,0,1,1,Plunging,0,0,0,1,1,0,1,1,0,4,0
Sternula albifrons,Sternula_albifrons,Charadriiformes,Laridae,1,Roman et al. 2016,2003,South Pacific Ocean,Necropsy,48.5,-0.28539216993383193,Fish,0,1,0,1,1,0,0,0,0,0,Plunging,0,0,0,1,0,1,1,0,0,1,0
Sternula albifrons,Sternula_albifrons,Charadriiformes,Laridae,1,Roman et al. 2016,2013,South Pacific Ocean,Necropsy,48.5,-0.28539216993383193,Fish,0,1,0,1,1,0,0,0,0,0,Plunging,0,0,0,1,0,1,1,0,0,3,0
Sternula albifrons,Sternula_albifrons,Charadriiformes,Laridae,NA,"Coentro, 2022",2021,North Atlantic Ocean,Bolus,48.5,-0.28539216993383193,Fish,0,1,0,1,1,0,0,0,0,0,Plunging,0,0,0,1,0,1,1,0,32,73,0.4383561643835616
Sternula albifrons,Sternula_albifrons,Charadriiformes,Laridae,NA,"Coentro, 2022",2021,North Atlantic Ocean,Scat,48.5,-0.28539216993383193,Fish,0,1,0,1,1,0,0,0,0,0,Plunging,0,0,0,1,0,1,1,0,12,31,0.3870967741935484
Sternula nereis,Sternula_nereis,Charadriiformes,Laridae,1,Roman et al. 2016,2013,South Pacific Ocean,Necropsy,38.2,-0.28778637166742266,Fish,0,1,0,1,1,0,0,0,0,1,Plunging,0,0,0,1,0,0,1,0,0,1,0
Sternula nereis,Sternula_nereis,Charadriiformes,Laridae,NA,"Berr et al., 2020",2016.5,South Pacific Ocean,Necropsy,38.2,-0.28778637166742266,Fish,0,1,0,1,1,0,0,0,0,1,Plunging,0,0,0,1,0,0,1,0,0,1,0
Sula dactylatra,Sula_dactylatra,Suliformes,Sulidae,1,Mariano and Targino 2012,1999,South Pacific Ocean,Lavage,1713,0.10151547914983762,Fish,0,1,0,0,0,0,0,0,0,1,Plunging,0,0,0,1,0,0,0,0,0,208,0
Sula dactylatra,Sula_dactylatra,Suliformes,Sulidae,1,Mariano and Targino 2012,2000,South Pacific Ocean,Lavage,1713,0.10151547914983762,Fish,0,1,0,0,0,0,0,0,0,1,Plunging,0,0,0,1,0,0,0,0,1,175,0.005714285714285714
Sula dactylatra,Sula_dactylatra,Suliformes,Sulidae,1,Mariano and Targino 2012,2002,South Pacific Ocean,Lavage,1713,0.10151547914983762,Fish,0,1,0,0,0,0,0,0,0,1,Plunging,0,0,0,1,0,0,0,0,2,104,0.019230769230769232
Sula dactylatra,Sula_dactylatra,Suliformes,Sulidae,1,Mariano and Targino 2012,2003,South Pacific Ocean,Lavage,1713,0.10151547914983762,Fish,0,1,0,0,0,0,0,0,0,1,Plunging,0,0,0,1,0,0,0,0,0,144,0
Sula dactylatra,Sula_dactylatra,Suliformes,Sulidae,1,Spear et al. 1995,1987.5,South Pacific Ocean,Necropsy,1713,0.10151547914983762,Fish,0,1,0,0,0,0,0,0,0,1,Plunging,0,0,0,1,0,0,0,0,0,6,0
Sula dactylatra,Sula_dactylatra,Suliformes,Sulidae,1,Tavares et al. 2017,2011,South Pacific Ocean,Necropsy,1713,0.10151547914983762,Fish,0,1,0,0,0,0,0,0,0,1,Plunging,0,0,0,1,0,0,0,0,1,1,1
Sula dactylatra,Sula_dactylatra,Suliformes,Sulidae,1,Tavares et al. 2017,2012,South Pacific Ocean,Necropsy,1713,0.10151547914983762,Fish,0,1,0,0,0,0,0,0,0,1,Plunging,0,0,0,1,0,0,0,0,0,1,0
Sula dactylatra,Sula_dactylatra,Suliformes,Sulidae,NA,Day et al. 1984/Harrison et al. 1983,1979.5,North Pacific Ocean,Bolus,1713,0.10151547914983762,Fish,0,1,0,0,0,0,0,0,0,1,Plunging,0,0,0,1,0,0,0,0,0,305,0
Sula dactylatra,Sula_dactylatra,Suliformes,Sulidae,NA,Rapp et al. 2017,2009.5,North Pacific Ocean,Necropsy,1713,0.10151547914983762,Fish,0,1,0,0,0,0,0,0,0,1,Plunging,0,0,0,1,0,0,0,0,0,1,0
Sula dactylatra,Sula_dactylatra,Suliformes,Sulidae,NA,"do Nascimiento et al., 2023",2013,South Atlantic Ocean,Necropsy,1713,0.10151547914983762,Fish,0,1,0,0,0,0,0,0,0,1,Plunging,0,0,0,1,0,0,0,0,1,6,0.16666666666666666
Sula leucogaster,Sula_leucogaster,Suliformes,Sulidae,1,Rapp et al. 2017,2009.5,North Pacific Ocean,Necropsy,1219,-0.013313225354417561,Fish,0,1,1,0,0,0,0,0,0,1,Plunging,1,0,0,1,1,0,0,0,1,2,0.5
Sula leucogaster,Sula_leucogaster,Suliformes,Sulidae,1,Spear et al. 1995,1987.5,South Pacific Ocean,Necropsy,1219,-0.013313225354417561,Fish,0,1,1,0,0,0,0,0,0,1,Plunging,1,0,0,1,1,0,0,0,0,5,0
Sula leucogaster,Sula_leucogaster,Suliformes,Sulidae,1,Tavares et al. 2017,2011,South Pacific Ocean,Necropsy,1219,-0.013313225354417561,Fish,0,1,1,0,0,0,0,0,0,1,Plunging,1,0,0,1,1,0,0,0,0,4,0
Sula leucogaster,Sula_leucogaster,Suliformes,Sulidae,1,Tavares et al. 2017,2012,South Pacific Ocean,Necropsy,1219,-0.013313225354417561,Fish,0,1,1,0,0,0,0,0,0,1,Plunging,1,0,0,1,1,0,0,0,5,15,0.3333333333333333
Sula leucogaster,Sula_leucogaster,Suliformes,Sulidae,1,Tavares et al. 2017,2013,South Pacific Ocean,Necropsy,1219,-0.013313225354417561,Fish,0,1,1,0,0,0,0,0,0,1,Plunging,1,0,0,1,1,0,0,0,3,23,0.13043478260869565
Sula leucogaster,Sula_leucogaster,Suliformes,Sulidae,NA,Harrison et al. 1983,1979.5,North Pacific Ocean,Bolus,1219,-0.013313225354417561,Fish,0,1,1,0,0,0,0,0,0,1,Plunging,1,0,0,1,1,0,0,0,0,244,0
Sula leucogaster,Sula_leucogaster,Suliformes,Sulidae,NA,"Matos et al., 2024b",2021.5,North Atlantic Ocean,Scat,1219,-0.013313225354417561,Fish,0,1,1,0,0,0,0,0,0,1,Plunging,1,0,0,1,1,0,0,0,39,82,0.47560975609756095
Sula leucogaster,Sula_leucogaster,Suliformes,Sulidae,NA,Rapp et al. 2017,2009.5,North Pacific Ocean,Necropsy,1219,-0.013313225354417561,Fish,0,1,1,0,0,0,0,0,0,1,Plunging,1,0,0,1,1,0,0,0,0,1,0
Sula leucogaster,Sula_leucogaster,Suliformes,Sulidae,NA,"Silva, 2022",2021,North Atlantic Ocean,Scat,1219,-0.013313225354417561,Fish,0,1,1,0,0,0,0,0,0,1,Plunging,1,0,0,1,1,0,0,0,37,54,0.6851851851851852
Sula leucogaster,Sula_leucogaster,Suliformes,Sulidae,NA,"Vanstreels et al., 2021",2020,South Atlantic Ocean,Necropsy,1219,-0.013313225354417561,Fish,0,1,1,0,0,0,0,0,0,1,Plunging,1,0,0,1,1,0,0,0,3,13,0.23076923076923078
Sula leucogaster,Sula_leucogaster,Suliformes,Sulidae,NA,"do Nascimiento et al., 2023",2014,South Atlantic Ocean,Necropsy,1219,-0.013313225354417561,Fish,0,1,1,0,0,0,0,0,0,1,Plunging,1,0,0,1,1,0,0,0,4,434,0.009216589861751152
Sula sula,Sula_sula,Suliformes,Sulidae,1,Rapp et al. 2017,2009.5,North Pacific Ocean,Necropsy,857,-0.09745895618547096,Fish,0,1,1,0,0,0,0,0,0,1,Plunging,0,0,0,1,0,0,0,0,1,18,0.05555555555555555
Sula sula,Sula_sula,Suliformes,Sulidae,1,Roman et al. 2016,2013,South Pacific Ocean,Necropsy,857,-0.09745895618547096,Fish,0,1,1,0,0,0,0,0,0,1,Plunging,0,0,0,1,0,0,0,0,0,2,0
Sula sula,Sula_sula,Suliformes,Sulidae,1,Sileo et al. 1990a,1986,North Pacific Ocean,Lavage,857,-0.09745895618547096,Fish,0,1,1,0,0,0,0,0,0,1,Plunging,0,0,0,1,0,0,0,0,0,38,0
Sula sula,Sula_sula,Suliformes,Sulidae,NA,"Berr et al., 2020",2016.5,South Pacific Ocean,Necropsy,857,-0.09745895618547096,Fish,0,1,1,0,0,0,0,0,0,1,Plunging,0,0,0,1,0,0,0,0,0,1,0
Sula sula,Sula_sula,Suliformes,Sulidae,NA,Day et al. 1984/Harrison et al. 1983,1979.5,North Pacific Ocean,Bolus,857,-0.09745895618547096,Fish,0,1,1,0,0,0,0,0,0,1,Plunging,0,0,0,1,0,0,0,0,0,360,0
Sula sula,Sula_sula,Suliformes,Sulidae,NA,"Zhu et al., 2019",2017,North Pacific Ocean,Necropsy,857,-0.09745895618547096,Fish,0,1,1,0,0,0,0,0,0,1,Plunging,0,0,0,1,0,0,0,0,3,5,0.6
Synthliboramphus antiquus,Synthliboramphus_antiquus,Charadriiformes,Alcidae,1,Avery-Gomm et al. 2013,2009,North Pacific Ocean,Necropsy,207,-0.24854935684896462,Crustaceans,0,1,0,1,0,0,0,0,0,1,Diving,0,0,1,1,0,0,0,0,0,5,0
Synthliboramphus antiquus,Synthliboramphus_antiquus,Charadriiformes,Alcidae,1,Robards et al. 1995,1989,North Pacific Ocean,Necropsy,207,-0.24854935684896462,Crustaceans,0,1,0,1,0,0,0,0,0,1,Diving,0,0,1,1,0,0,0,0,0,68,0
Synthliboramphus antiquus,Synthliboramphus_antiquus,Charadriiformes,Alcidae,NA,Day et al. 1984/Day 1980,1973,North Pacific Ocean,Necropsy,207,-0.24854935684896462,Crustaceans,0,1,0,1,0,0,0,0,0,1,Diving,0,0,1,1,0,0,0,0,0,16,0
Synthliboramphus antiquus,Synthliboramphus_antiquus,Charadriiformes,Alcidae,NA,"Nam et al., 2021",2012.5,North Pacific Ocean,Necropsy,207,-0.24854935684896462,Crustaceans,0,1,0,1,0,0,0,0,0,1,Diving,0,0,1,1,0,0,0,0,1,110,0.00909090909090909
Synthliboramphus hypoleucus,Synthliboramphus_hypoleucus,Charadriiformes,Alcidae,1,Blight and Burger 1997,1987,North Pacific Ocean,Necropsy,167,-0.2578472276590258,Fish,0,1,0,0,0,0,0,0,0,1,Diving,0,0,1,0,0,0,0,0,0,6,0
Thalassarche bulleri,Thalassarche_bulleri,Procellariiformes,Diomedeidae,1,Robertson et al. 2004,1998,South Pacific Ocean,Necropsy,2713.75,0.334136584479055,Cephalopods,0,1,1,1,1,0,0,0,0,1,Surface.Seizing,0,0,0,1,0,0,1,0,1,30,0.03333333333333333
Thalassarche bulleri,Thalassarche_bulleri,Procellariiformes,Diomedeidae,1,Roman et al. 2016,2013,South Pacific Ocean,Necropsy,2713.75,0.334136584479055,Cephalopods,0,1,1,1,1,0,0,0,0,1,Surface.Seizing,0,0,0,1,0,0,1,0,1,2,0.5
Thalassarche bulleri,Thalassarche_bulleri,Procellariiformes,Diomedeidae,1,Roman et al. 2019,2003,South Pacific Ocean,Necropsy,2713.75,0.334136584479055,Cephalopods,0,1,1,1,1,0,0,0,0,1,Surface.Seizing,0,0,0,1,0,0,1,0,0,1,0
Thalassarche bulleri,Thalassarche_bulleri,Procellariiformes,Diomedeidae,1,Roman et al. 2019,2012,South Pacific Ocean,Necropsy,2713.75,0.334136584479055,Cephalopods,0,1,1,1,1,0,0,0,0,1,Surface.Seizing,0,0,0,1,0,0,1,0,0,2,0
Thalassarche bulleri,Thalassarche_bulleri,Procellariiformes,Diomedeidae,1,Roman et al. 2019,2013,South Pacific Ocean,Necropsy,2713.75,0.334136584479055,Cephalopods,0,1,1,1,1,0,0,0,0,1,Surface.Seizing,0,0,0,1,0,0,1,0,1,1,1
Thalassarche bulleri,Thalassarche_bulleri,Procellariiformes,Diomedeidae,1,Roman et al. 2019,2015,South Pacific Ocean,Necropsy,2713.75,0.334136584479055,Cephalopods,0,1,1,1,1,0,0,0,0,1,Surface.Seizing,0,0,0,1,0,0,1,0,0,29,0
Thalassarche bulleri,Thalassarche_bulleri,Procellariiformes,Diomedeidae,1,Roman et al. 2019,2016,South Pacific Ocean,Necropsy,2713.75,0.334136584479055,Cephalopods,0,1,1,1,1,0,0,0,0,1,Surface.Seizing,0,0,0,1,0,0,1,0,0,53,0
Thalassarche bulleri,Thalassarche_bulleri,Procellariiformes,Diomedeidae,NA,Roman et al. 2019,2012,South Pacific Ocean,Necropsy,2713.75,0.334136584479055,Cephalopods,0,1,1,1,1,0,0,0,0,1,Surface.Seizing,0,0,0,1,0,0,1,0,0,1,0
Thalassarche bulleri,Thalassarche_bulleri,Procellariiformes,Diomedeidae,NA,Roman et al. 2019,2016,South Pacific Ocean,Necropsy,2713.75,0.334136584479055,Cephalopods,0,1,1,1,1,0,0,0,0,1,Surface.Seizing,0,0,0,1,0,0,1,0,0,1,0
Thalassarche bulleri,Thalassarche_bulleri,Procellariiformes,Diomedeidae,NA,"Roman et al., 2019a",2015,Southern Ocean,Necropsy,2713.75,0.334136584479055,Cephalopods,0,1,1,1,1,0,0,0,0,1,Surface.Seizing,0,0,0,1,0,0,1,0,1,90,0.011111111111111112
Thalassarche bulleri,Thalassarche_bulleri,Procellariiformes,Diomedeidae,NA,"Roman et al., 2021",2010.5,South Pacific Ocean,Necropsy,2713.75,0.334136584479055,Cephalopods,0,1,1,1,1,0,0,0,0,1,Surface.Seizing,0,0,0,1,0,0,1,0,0,3,0
Thalassarche carteri,Thalassarche_carteri,Procellariiformes,Diomedeidae,1,Ryan et al. 2016,2010,Indian Ocean,Necropsy,2710,0.33326490909061174,Cephalopods,0,1,1,1,0,1,0,0,1,1,Surface.Seizing,0,0,0,1,1,0,1,0,1,77,0.012987012987012988
Thalassarche cauta,Thalassarche_cauta,Procellariiformes,Diomedeidae,1,Jiménez et al. 2015,2009,South Pacific Ocean,Necropsy,3911.25,0.6124915918552606,Cephalopods,0,1,1,1,1,1,0,0,1,1,Surface.Seizing,0,0,0,1,1,0,1,0,0,17,0
Thalassarche cauta,Thalassarche_cauta,Procellariiformes,Diomedeidae,1,Robertson et al. 2004,2000,South Pacific Ocean,Necropsy,3911.25,0.6124915918552606,Cephalopods,0,1,1,1,1,1,0,0,1,1,Surface.Seizing,0,0,0,1,1,0,1,0,2,191,0.010471204188481676
Thalassarche cauta,Thalassarche_cauta,Procellariiformes,Diomedeidae,1,Roman et al. 2016,2013,South Pacific Ocean,Necropsy,3911.25,0.6124915918552606,Cephalopods,0,1,1,1,1,1,0,0,1,1,Surface.Seizing,0,0,0,1,1,0,1,0,1,5,0.2
Thalassarche cauta,Thalassarche_cauta,Procellariiformes,Diomedeidae,1,Roman et al. 2019,2003,South Pacific Ocean,Necropsy,3911.25,0.6124915918552606,Cephalopods,0,1,1,1,1,1,0,0,1,1,Surface.Seizing,0,0,0,1,1,0,1,0,0,1,0
Thalassarche cauta,Thalassarche_cauta,Procellariiformes,Diomedeidae,1,Roman et al. 2019,2004,South Pacific Ocean,Necropsy,3911.25,0.6124915918552606,Cephalopods,0,1,1,1,1,1,0,0,1,1,Surface.Seizing,0,0,0,1,1,0,1,0,0,1,0
Thalassarche cauta,Thalassarche_cauta,Procellariiformes,Diomedeidae,1,Roman et al. 2019,2008,Indian Ocean,Necropsy,3911.25,0.6124915918552606,Cephalopods,0,1,1,1,1,1,0,0,1,1,Surface.Seizing,0,0,0,1,1,0,1,0,0,1,0
Thalassarche cauta,Thalassarche_cauta,Procellariiformes,Diomedeidae,1,Roman et al. 2019,2009,South Pacific Ocean,Necropsy,3911.25,0.6124915918552606,Cephalopods,0,1,1,1,1,1,0,0,1,1,Surface.Seizing,0,0,0,1,1,0,1,0,0,1,0
Thalassarche cauta,Thalassarche_cauta,Procellariiformes,Diomedeidae,1,Roman et al. 2019,2011,South Pacific Ocean,Necropsy,3911.25,0.6124915918552606,Cephalopods,0,1,1,1,1,1,0,0,1,1,Surface.Seizing,0,0,0,1,1,0,1,0,0,1,0
Thalassarche cauta,Thalassarche_cauta,Procellariiformes,Diomedeidae,1,Roman et al. 2019,2012,South Pacific Ocean,Necropsy,3911.25,0.6124915918552606,Cephalopods,0,1,1,1,1,1,0,0,1,1,Surface.Seizing,0,0,0,1,1,0,1,0,0,3,0
Thalassarche cauta,Thalassarche_cauta,Procellariiformes,Diomedeidae,1,Roman et al. 2019,2013,Indian Ocean,Necropsy,3911.25,0.6124915918552606,Cephalopods,0,1,1,1,1,1,0,0,1,1,Surface.Seizing,0,0,0,1,1,0,1,0,0,1,0
Thalassarche cauta,Thalassarche_cauta,Procellariiformes,Diomedeidae,1,Roman et al. 2019,2014,Indian Ocean,Necropsy,3911.25,0.6124915918552606,Cephalopods,0,1,1,1,1,1,0,0,1,1,Surface.Seizing,0,0,0,1,1,0,1,0,0,2,0
Thalassarche cauta,Thalassarche_cauta,Procellariiformes,Diomedeidae,1,Roman et al. 2019,2014,South Pacific Ocean,Necropsy,3911.25,0.6124915918552606,Cephalopods,0,1,1,1,1,1,0,0,1,1,Surface.Seizing,0,0,0,1,1,0,1,0,0,1,0
Thalassarche cauta,Thalassarche_cauta,Procellariiformes,Diomedeidae,1,Roman et al. 2019,2015,Indian Ocean,Necropsy,3911.25,0.6124915918552606,Cephalopods,0,1,1,1,1,1,0,0,1,1,Surface.Seizing,0,0,0,1,1,0,1,0,0,2,0
Thalassarche cauta,Thalassarche_cauta,Procellariiformes,Diomedeidae,1,Roman et al. 2019,2015,South Pacific Ocean,Necropsy,3911.25,0.6124915918552606,Cephalopods,0,1,1,1,1,1,0,0,1,1,Surface.Seizing,0,0,0,1,1,0,1,0,0,31,0
Thalassarche cauta,Thalassarche_cauta,Procellariiformes,Diomedeidae,1,Roman et al. 2019,2016,Indian Ocean,Necropsy,3911.25,0.6124915918552606,Cephalopods,0,1,1,1,1,1,0,0,1,1,Surface.Seizing,0,0,0,1,1,0,1,0,0,1,0
Thalassarche cauta,Thalassarche_cauta,Procellariiformes,Diomedeidae,1,Roman et al. 2019,2016,South Pacific Ocean,Necropsy,3911.25,0.6124915918552606,Cephalopods,0,1,1,1,1,1,0,0,1,1,Surface.Seizing,0,0,0,1,1,0,1,0,0,51,0
Thalassarche cauta,Thalassarche_cauta,Procellariiformes,Diomedeidae,1,Ryan 1987,1982,Indian Ocean,Necropsy,3911.25,0.6124915918552606,Cephalopods,0,1,1,1,1,1,0,0,1,1,Surface.Seizing,0,0,0,1,1,0,1,0,0,2,0
Thalassarche cauta,Thalassarche_cauta,Procellariiformes,Diomedeidae,1,Ryan et al. 2016,2010,Indian Ocean,Necropsy,3911.25,0.6124915918552606,Cephalopods,0,1,1,1,1,1,0,0,1,1,Surface.Seizing,0,0,0,1,1,0,1,0,16,601,0.026622296173044926
Thalassarche cauta,Thalassarche_cauta,Procellariiformes,Diomedeidae,NA,Roman et al. 2019,2010,South Pacific Ocean,Necropsy,3911.25,0.6124915918552606,Cephalopods,0,1,1,1,1,1,0,0,1,1,Surface.Seizing,0,0,0,1,1,0,1,0,0,1,0
Thalassarche cauta,Thalassarche_cauta,Procellariiformes,Diomedeidae,NA,Roman et al. 2019,2015,South Pacific Ocean,Necropsy,3911.25,0.6124915918552606,Cephalopods,0,1,1,1,1,1,0,0,1,1,Surface.Seizing,0,0,0,1,1,0,1,0,0,1,0
Thalassarche cauta,Thalassarche_cauta,Procellariiformes,Diomedeidae,NA,Roman et al. 2019,2016,Indian Ocean,Necropsy,3911.25,0.6124915918552606,Cephalopods,0,1,1,1,1,1,0,0,1,1,Surface.Seizing,0,0,0,1,1,0,1,0,0,1,0
Thalassarche cauta,Thalassarche_cauta,Procellariiformes,Diomedeidae,NA,Roman et al. 2019,2016,South Pacific Ocean,Necropsy,3911.25,0.6124915918552606,Cephalopods,0,1,1,1,1,1,0,0,1,1,Surface.Seizing,0,0,0,1,1,0,1,0,0,3,0
Thalassarche cauta,Thalassarche_cauta,Procellariiformes,Diomedeidae,NA,"Roman et al., 2019a",2015,Southern Ocean,Necropsy,3911.25,0.6124915918552606,Cephalopods,0,1,1,1,1,1,0,0,1,1,Surface.Seizing,0,0,0,1,1,0,1,0,1,111,0.009009009009009009
Thalassarche cauta,Thalassarche_cauta,Procellariiformes,Diomedeidae,NA,"Roman et al., 2021",2010.5,South Pacific Ocean,Necropsy,3911.25,0.6124915918552606,Cephalopods,0,1,1,1,1,1,0,0,1,1,Surface.Seizing,0,0,0,1,1,0,1,0,1,17,0.058823529411764705
Thalassarche chlororhynchos,Thalassarche_chlororhynchos,Procellariiformes,Diomedeidae,1,Barbieri 2009,2001,South Pacific Ocean,Necropsy,2130,0.1984457823447251,Cephalopods,0,1,1,1,0,1,0,0,1,1,Surface.Seizing,0,0,0,1,1,0,1,0,4,9,0.4444444444444444
Thalassarche chlororhynchos,Thalassarche_chlororhynchos,Procellariiformes,Diomedeidae,1,Colabuono & Vooren 2007,2004,South Pacific Ocean,Necropsy,2130,0.1984457823447251,Cephalopods,0,1,1,1,0,1,0,0,1,1,Surface.Seizing,0,0,0,1,1,0,1,0,3,26,0.11538461538461539
Thalassarche chlororhynchos,Thalassarche_chlororhynchos,Procellariiformes,Diomedeidae,1,Colabuono et al. 2009,1999.5,South Pacific Ocean,Necropsy,2130,0.1984457823447251,Cephalopods,0,1,1,1,0,1,0,0,1,1,Surface.Seizing,0,0,0,1,1,0,1,0,2,27,0.07407407407407407
Thalassarche chlororhynchos,Thalassarche_chlororhynchos,Procellariiformes,Diomedeidae,1,Colabuono et al. 2010,1991,South Pacific Ocean,Necropsy,2130,0.1984457823447251,Cephalopods,0,1,1,1,0,1,0,0,1,1,Surface.Seizing,0,0,0,1,1,0,1,0,1,13,0.07692307692307693
Thalassarche chlororhynchos,Thalassarche_chlororhynchos,Procellariiformes,Diomedeidae,1,Dias et al. 2017,2016,South Atlantic Ocean,Necropsy,2130,0.1984457823447251,Cephalopods,0,1,1,1,0,1,0,0,1,1,Surface.Seizing,0,0,0,1,1,0,1,0,1,1,1
Thalassarche chlororhynchos,Thalassarche_chlororhynchos,Procellariiformes,Diomedeidae,1,Jiménez et al. 2015,2009,South Pacific Ocean,Necropsy,2130,0.1984457823447251,Cephalopods,0,1,1,1,0,1,0,0,1,1,Surface.Seizing,0,0,0,1,1,0,1,0,0,1,0
Thalassarche chlororhynchos,Thalassarche_chlororhynchos,Procellariiformes,Diomedeidae,1,Petry et al. 2002,1997.5,South Pacific Ocean,Necropsy,2130,0.1984457823447251,Cephalopods,0,1,1,1,0,1,0,0,1,1,Surface.Seizing,0,0,0,1,1,0,1,0,1,7,0.14285714285714285
Thalassarche chlororhynchos,Thalassarche_chlororhynchos,Procellariiformes,Diomedeidae,1,Ryan et al. 2016,2010,Indian Ocean,Necropsy,2130,0.1984457823447251,Cephalopods,0,1,1,1,0,1,0,0,1,1,Surface.Seizing,0,0,0,1,1,0,1,0,0,18,0
Thalassarche chlororhynchos,Thalassarche_chlororhynchos,Procellariiformes,Diomedeidae,1,Tavares et al. 2017,2012,South Pacific Ocean,Necropsy,2130,0.1984457823447251,Cephalopods,0,1,1,1,0,1,0,0,1,1,Surface.Seizing,0,0,0,1,1,0,1,0,2,3,0.6666666666666666
Thalassarche chlororhynchos,Thalassarche_chlororhynchos,Procellariiformes,Diomedeidae,1,Tavares et al. 2017,2013,South Pacific Ocean,Necropsy,2130,0.1984457823447251,Cephalopods,0,1,1,1,0,1,0,0,1,1,Surface.Seizing,0,0,0,1,1,0,1,0,0,3,0
Thalassarche chlororhynchos,Thalassarche_chlororhynchos,Procellariiformes,Diomedeidae,NA,Furness 1985a,1983,South Pacific Ocean,Necropsy,2130,0.1984457823447251,Cephalopods,0,1,1,1,0,1,0,0,1,1,Surface.Seizing,0,0,0,1,1,0,1,0,0,9,0
Thalassarche chlororhynchos,Thalassarche_chlororhynchos,Procellariiformes,Diomedeidae,NA,"Gallo et al., 2024",2019,South Atlantic Ocean,Necropsy,2130,0.1984457823447251,Cephalopods,0,1,1,1,0,1,0,0,1,1,Surface.Seizing,0,0,0,1,1,0,1,0,3,12,0.25
Thalassarche chlororhynchos,Thalassarche_chlororhynchos,Procellariiformes,Diomedeidae,NA,"Muñoz et al., 2023",2015,South Atlantic Ocean,Necropsy,2130,0.1984457823447251,Cephalopods,0,1,1,1,0,1,0,0,1,1,Surface.Seizing,0,0,0,1,1,0,1,0,0,2,0
Thalassarche chlororhynchos,Thalassarche_chlororhynchos,Procellariiformes,Diomedeidae,NA,Ryan 1987,1982,Indian Ocean,Necropsy,2130,0.1984457823447251,Cephalopods,0,1,1,1,0,1,0,0,1,1,Surface.Seizing,0,0,0,1,1,0,1,0,2,87,0.022988505747126436
Thalassarche chlororhynchos,Thalassarche_chlororhynchos,Procellariiformes,Diomedeidae,NA,"Vanstreels et al., 2021",2020,South Atlantic Ocean,Necropsy,2130,0.1984457823447251,Cephalopods,0,1,1,1,0,1,0,0,1,1,Surface.Seizing,0,0,0,1,1,0,1,0,1,5,0.2
Thalassarche chlororhynchos,Thalassarche_chlororhynchos,Procellariiformes,Diomedeidae,NA,"do Nascimiento et al., 2023",2014,South Atlantic Ocean,Necropsy,2130,0.1984457823447251,Cephalopods,0,1,1,1,0,1,0,0,1,1,Surface.Seizing,0,0,0,1,1,0,1,0,0,43,0
Thalassarche chlororhynchos,Thalassarche_chlororhynchos,Procellariiformes,Diomedeidae,NA,"do Nascimiento, 2022",2018,South Atlantic Ocean,Necropsy,2130,0.1984457823447251,Cephalopods,0,1,1,1,0,1,0,0,1,1,Surface.Seizing,0,0,0,1,1,0,1,0,1,9,0.1111111111111111
Thalassarche chrysostoma,Thalassarche_chrysostoma,Procellariiformes,Diomedeidae,1,Petry et al. 2002,1997.5,South Pacific Ocean,Necropsy,3507.5,0.5186412083662059,Cephalopods,0,1,1,1,0,1,0,0,1,1,Surface.Seizing,0,0,0,1,1,0,1,0,0,1,0
Thalassarche chrysostoma,Thalassarche_chrysostoma,Procellariiformes,Diomedeidae,1,Roman et al. 2019,2016,South Pacific Ocean,Necropsy,3507.5,0.5186412083662059,Cephalopods,0,1,1,1,0,1,0,0,1,1,Surface.Seizing,0,0,0,1,1,0,1,0,0,1,0
Thalassarche chrysostoma,Thalassarche_chrysostoma,Procellariiformes,Diomedeidae,NA,"Gallo et al., 2024",2019,South Atlantic Ocean,Necropsy,3507.5,0.5186412083662059,Cephalopods,0,1,1,1,0,1,0,0,1,1,Surface.Seizing,0,0,0,1,1,0,1,0,0,8,0
Thalassarche chrysostoma,Thalassarche_chrysostoma,Procellariiformes,Diomedeidae,NA,"Perold et al, 2020",2007,Indian Ocean,Bolus,3507.5,0.5186412083662059,Cephalopods,0,1,1,1,0,1,0,0,1,1,Surface.Seizing,0,0,0,1,1,0,1,0,84,352,0.23863636363636365
Thalassarche chrysostoma,Thalassarche_chrysostoma,Procellariiformes,Diomedeidae,NA,Roman et al. 2019,2014,Indian Ocean,Necropsy,3507.5,0.5186412083662059,Cephalopods,0,1,1,1,0,1,0,0,1,1,Surface.Seizing,0,0,0,1,1,0,1,0,0,1,0
Thalassarche chrysostoma,Thalassarche_chrysostoma,Procellariiformes,Diomedeidae,NA,"Roman et al., 2019a",2015,Southern Ocean,Necropsy,3507.5,0.5186412083662059,Cephalopods,0,1,1,1,0,1,0,0,1,1,Surface.Seizing,0,0,0,1,1,0,1,0,1,4,0.25
Thalassarche chrysostoma,Thalassarche_chrysostoma,Procellariiformes,Diomedeidae,NA,"Roman et al., 2021",2010.5,South Pacific Ocean,Necropsy,3507.5,0.5186412083662059,Cephalopods,0,1,1,1,0,1,0,0,1,1,Surface.Seizing,0,0,0,1,1,0,1,0,2,7,0.2857142857142857
Thalassarche chrysostoma,Thalassarche_chrysostoma,Procellariiformes,Diomedeidae,NA,Ryan 1987,1982,Indian Ocean,Necropsy,3507.5,0.5186412083662059,Cephalopods,0,1,1,1,0,1,0,0,1,1,Surface.Seizing,0,0,0,1,1,0,1,0,1,170,0.0058823529411764705
Thalassarche eremita,Thalassarche_eremita,Procellariiformes,Diomedeidae,1,Roman et al. 2019,2015,South Pacific Ocean,Necropsy,3825,0.5924430579210662,Cephalopods,0,1,1,1,1,1,0,0,1,1,Surface.Seizing,0,0,0,1,0,0,1,0,0,1,0
Thalassarche eremita,Thalassarche_eremita,Procellariiformes,Diomedeidae,NA,"Roman et al., 2019a",2015,Southern Ocean,Necropsy,3825,0.5924430579210662,Cephalopods,0,1,1,1,1,1,0,0,1,1,Surface.Seizing,0,0,0,1,0,0,1,0,0,1,0
Thalassarche eremita,Thalassarche_eremita,Procellariiformes,Diomedeidae,NA,"Roman et al., 2021",2010.5,South Pacific Ocean,Necropsy,3825,0.5924430579210662,Cephalopods,0,1,1,1,1,1,0,0,1,1,Surface.Seizing,0,0,0,1,0,0,1,0,0,17,0
Thalassarche melanophris,Thalassarche_melanophris,Procellariiformes,Diomedeidae,1,Barbieri 2009,2001,South Pacific Ocean,Necropsy,3232,0.45460212316190973,Crustaceans,1,1,1,1,1,1,0,0,1,1,Surface.Seizing,0,0,0,1,1,0,1,0,19,26,0.7307692307692307
Thalassarche melanophris,Thalassarche_melanophris,Procellariiformes,Diomedeidae,1,Colabuono & Vooren 2007,2004,South Pacific Ocean,Necropsy,3232,0.45460212316190973,Crustaceans,1,1,1,1,1,1,0,0,1,1,Surface.Seizing,0,0,0,1,1,0,1,0,6,45,0.13333333333333333
Thalassarche melanophris,Thalassarche_melanophris,Procellariiformes,Diomedeidae,1,Colabuono et al. 2009,1999.5,South Pacific Ocean,Necropsy,3232,0.45460212316190973,Crustaceans,1,1,1,1,1,1,0,0,1,1,Surface.Seizing,0,0,0,1,1,0,1,0,7,59,0.11864406779661017
Thalassarche melanophris,Thalassarche_melanophris,Procellariiformes,Diomedeidae,1,Colabuono et al. 2010,1991,South Pacific Ocean,Necropsy,3232,0.45460212316190973,Crustaceans,1,1,1,1,1,1,0,0,1,1,Surface.Seizing,0,0,0,1,1,0,1,0,2,31,0.06451612903225806
Thalassarche melanophris,Thalassarche_melanophris,Procellariiformes,Diomedeidae,1,Jiménez et al. 2015,2009,South Pacific Ocean,Necropsy,3232,0.45460212316190973,Crustaceans,1,1,1,1,1,1,0,0,1,1,Surface.Seizing,0,0,0,1,1,0,1,0,1,32,0.03125
Thalassarche melanophris,Thalassarche_melanophris,Procellariiformes,Diomedeidae,1,Petry et al. 2007,1997.5,South Pacific Ocean,Necropsy,3232,0.45460212316190973,Crustaceans,1,1,1,1,1,1,0,0,1,1,Surface.Seizing,0,0,0,1,1,0,1,0,7,35,0.2
Thalassarche melanophris,Thalassarche_melanophris,Procellariiformes,Diomedeidae,1,Roman et al. 2016,2013,South Pacific Ocean,Necropsy,3232,0.45460212316190973,Crustaceans,1,1,1,1,1,1,0,0,1,1,Surface.Seizing,0,0,0,1,1,0,1,0,0,1,0
Thalassarche melanophris,Thalassarche_melanophris,Procellariiformes,Diomedeidae,1,Roman et al. 2019,2002,South Pacific Ocean,Necropsy,3232,0.45460212316190973,Crustaceans,1,1,1,1,1,1,0,0,1,1,Surface.Seizing,0,0,0,1,1,0,1,0,0,1,0
Thalassarche melanophris,Thalassarche_melanophris,Procellariiformes,Diomedeidae,1,Roman et al. 2019,2011,South Pacific Ocean,Necropsy,3232,0.45460212316190973,Crustaceans,1,1,1,1,1,1,0,0,1,1,Surface.Seizing,0,0,0,1,1,0,1,0,0,1,0
Thalassarche melanophris,Thalassarche_melanophris,Procellariiformes,Diomedeidae,1,Roman et al. 2019,2015,Indian Ocean,Necropsy,3232,0.45460212316190973,Crustaceans,1,1,1,1,1,1,0,0,1,1,Surface.Seizing,0,0,0,1,1,0,1,0,1,1,1
Thalassarche melanophris,Thalassarche_melanophris,Procellariiformes,Diomedeidae,1,Roman et al. 2019,2015,South Pacific Ocean,Necropsy,3232,0.45460212316190973,Crustaceans,1,1,1,1,1,1,0,0,1,1,Surface.Seizing,0,0,0,1,1,0,1,0,0,4,0
Thalassarche melanophris,Thalassarche_melanophris,Procellariiformes,Diomedeidae,1,Roman et al. 2019,2016,South Pacific Ocean,Necropsy,3232,0.45460212316190973,Crustaceans,1,1,1,1,1,1,0,0,1,1,Surface.Seizing,0,0,0,1,1,0,1,0,0,5,0
Thalassarche melanophris,Thalassarche_melanophris,Procellariiformes,Diomedeidae,1,Ryan et al. 2016,2010,Indian Ocean,Necropsy,3232,0.45460212316190973,Crustaceans,1,1,1,1,1,1,0,0,1,1,Surface.Seizing,0,0,0,1,1,0,1,0,0,157,0
Thalassarche melanophris,Thalassarche_melanophris,Procellariiformes,Diomedeidae,1,Tavares et al. 2017,2012,South Pacific Ocean,Necropsy,3232,0.45460212316190973,Crustaceans,1,1,1,1,1,1,0,0,1,1,Surface.Seizing,0,0,0,1,1,0,1,0,4,5,0.8
Thalassarche melanophris,Thalassarche_melanophris,Procellariiformes,Diomedeidae,1,Tourinho et al. 2010,2007,South Pacific Ocean,Necropsy,3232,0.45460212316190973,Crustaceans,1,1,1,1,1,1,0,0,1,1,Surface.Seizing,0,0,0,1,1,0,1,0,2,2,1
Thalassarche melanophris,Thalassarche_melanophris,Procellariiformes,Diomedeidae,NA,"Gallo et al., 2024",2019,South Atlantic Ocean,Necropsy,3232,0.45460212316190973,Crustaceans,1,1,1,1,1,1,0,0,1,1,Surface.Seizing,0,0,0,1,1,0,1,0,1,45,0.022222222222222223
Thalassarche melanophris,Thalassarche_melanophris,Procellariiformes,Diomedeidae,NA,"Muñoz et al., 2023",2015,South Atlantic Ocean,Necropsy,3232,0.45460212316190973,Crustaceans,1,1,1,1,1,1,0,0,1,1,Surface.Seizing,0,0,0,1,1,0,1,0,2,37,0.05405405405405406
Thalassarche melanophris,Thalassarche_melanophris,Procellariiformes,Diomedeidae,NA,Roman et al. 2019,2009,South Pacific Ocean,Necropsy,3232,0.45460212316190973,Crustaceans,1,1,1,1,1,1,0,0,1,1,Surface.Seizing,0,0,0,1,1,0,1,0,0,1,0
Thalassarche melanophris,Thalassarche_melanophris,Procellariiformes,Diomedeidae,NA,"Roman et al., 2019a",2015,Southern Ocean,Necropsy,3232,0.45460212316190973,Crustaceans,1,1,1,1,1,1,0,0,1,1,Surface.Seizing,0,0,0,1,1,0,1,0,1,13,0.07692307692307693
Thalassarche melanophris,Thalassarche_melanophris,Procellariiformes,Diomedeidae,NA,Ryan 1987,1982,Indian Ocean,Necropsy,3232,0.45460212316190973,Crustaceans,1,1,1,1,1,1,0,0,1,1,Surface.Seizing,0,0,0,1,1,0,1,0,2,18,0.1111111111111111
Thalassarche melanophris,Thalassarche_melanophris,Procellariiformes,Diomedeidae,NA,"do Nascimiento et al., 2023",2014.5,South Atlantic Ocean,Necropsy,3232,0.45460212316190973,Crustaceans,1,1,1,1,1,1,0,0,1,1,Surface.Seizing,0,0,0,1,1,0,1,0,3,33,0.09090909090909091
Thalassarche melanophris,Thalassarche_melanophris,Procellariiformes,Diomedeidae,NA,"do Nascimiento, 2022",2018,South Atlantic Ocean,Necropsy,3232,0.45460212316190973,Crustaceans,1,1,1,1,1,1,0,0,1,1,Surface.Seizing,0,0,0,1,1,0,1,0,1,22,0.045454545454545456
Thalassarche salvini,Thalassarche_salvini,Procellariiformes,Diomedeidae,1,Robertson et al. 2004,1998,South Pacific Ocean,Necropsy,3795,0.5854696548135204,Cephalopods,0,1,1,0,0,0,0,0,0,1,Surface.Seizing,0,0,0,0,1,0,1,0,1,14,0.07142857142857142
Thalassarche salvini,Thalassarche_salvini,Procellariiformes,Diomedeidae,1,Robertson et al. 2004,2000,South Pacific Ocean,Necropsy,3795,0.5854696548135204,Cephalopods,0,1,1,0,0,0,0,0,0,1,Surface.Seizing,0,0,0,0,1,0,1,0,1,104,0.009615384615384616
Thalassarche salvini,Thalassarche_salvini,Procellariiformes,Diomedeidae,1,Roman et al. 2019,2015,South Pacific Ocean,Necropsy,3795,0.5854696548135204,Cephalopods,0,1,1,0,0,0,0,0,0,1,Surface.Seizing,0,0,0,0,1,0,1,0,0,18,0
Thalassarche salvini,Thalassarche_salvini,Procellariiformes,Diomedeidae,1,Roman et al. 2019,2016,South Pacific Ocean,Necropsy,3795,0.5854696548135204,Cephalopods,0,1,1,0,0,0,0,0,0,1,Surface.Seizing,0,0,0,0,1,0,1,0,0,12,0
Thalassarche salvini,Thalassarche_salvini,Procellariiformes,Diomedeidae,NA,"Roman et al., 2019a",2015,Southern Ocean,Necropsy,3795,0.5854696548135204,Cephalopods,0,1,1,0,0,0,0,0,0,1,Surface.Seizing,0,0,0,0,1,0,1,0,0,30,0
Thalassarche salvini,Thalassarche_salvini,Procellariiformes,Diomedeidae,NA,"Roman et al., 2021",2010.5,South Pacific Ocean,Necropsy,3795,0.5854696548135204,Cephalopods,0,1,1,0,0,0,0,0,0,1,Surface.Seizing,0,0,0,0,1,0,1,0,0,5,0
Thalasseus bergii,Thalasseus_bergii,Charadriiformes,Laridae,1,"Gilbert et al., 2016",2011.5,South Pacific Ocean,Necropsy,328,-0.22042329764852964,Fish,1,1,1,1,1,1,0,0,1,1,Plunging,1,0,0,1,1,0,1,0,0,1,0
Thalasseus bergii,Thalasseus_bergii,Charadriiformes,Laridae,1,Roman et al. 2016,2013,South Pacific Ocean,Necropsy,328,-0.22042329764852964,Fish,1,1,1,1,1,1,0,0,1,1,Plunging,1,0,0,1,1,0,1,0,0,3,0
Thalasseus bergii,Thalasseus_bergii,Charadriiformes,Laridae,NA,"Berr et al., 2020",2016.5,South Pacific Ocean,Necropsy,328,-0.22042329764852964,Fish,1,1,1,1,1,1,0,0,1,1,Plunging,1,0,0,1,1,0,1,0,0,1,0
Thalasseus bergii,Thalasseus_bergii,Charadriiformes,Laridae,NA,Ryan 1987,1982,Indian Ocean,Necropsy,328,-0.22042329764852964,Fish,1,1,1,1,1,1,0,0,1,1,Plunging,1,0,0,1,1,0,1,0,0,12,0
Thalasseus maximus,Thalasseus_maximus,Charadriiformes,Laridae,1,Tavares et al. 2017,2012,South Pacific Ocean,Necropsy,409.25,-0.20153699756559293,Fish,0,1,1,1,0,1,0,0,1,1,Plunging,1,0,0,1,0,0,0,0,0,1,0
Thalasseus maximus,Thalasseus_maximus,Charadriiformes,Laridae,1,Tavares et al. 2017,2013,South Pacific Ocean,Necropsy,409.25,-0.20153699756559293,Fish,0,1,1,1,0,1,0,0,1,1,Plunging,1,0,0,1,0,0,0,0,0,3,0
Thalasseus maximus,Thalasseus_maximus,Charadriiformes,Laridae,NA,"Clark, 2021",2020,North Atlantic Ocean,Necropsy,409.25,-0.20153699756559293,Fish,0,1,1,1,0,1,0,0,1,1,Plunging,1,0,0,1,0,0,0,0,9,9,1
Thalasseus maximus,Thalasseus_maximus,Charadriiformes,Laridae,NA,"do Nascimiento et al., 2023",2014.5,South Atlantic Ocean,Necropsy,409.25,-0.20153699756559293,Fish,0,1,1,1,0,1,0,0,1,1,Plunging,1,0,0,1,0,0,0,0,0,22,0
Thalasseus sandvicensis,Thalasseus_sandvicensis,Charadriiformes,Laridae,1,Tavares et al. 2017,2012,South Pacific Ocean,Necropsy,250.5,-0.2384379223430231,Fish,1,1,0,1,1,1,0,0,1,1,Plunging,1,0,0,1,1,0,0,0,0,11,0
Thalasseus sandvicensis,Thalasseus_sandvicensis,Charadriiformes,Laridae,1,Tavares et al. 2017,2013,South Pacific Ocean,Necropsy,250.5,-0.2384379223430231,Fish,1,1,0,1,1,1,0,0,1,1,Plunging,1,0,0,1,1,0,0,0,0,18,0
Thalasseus sandvicensis,Thalasseus_sandvicensis,Charadriiformes,Laridae,NA,"Franco et al., 2019",2017,North Atlantic Ocean,Necropsy,250.5,-0.2384379223430231,Fish,1,1,0,1,1,1,0,0,1,1,Plunging,1,0,0,1,1,0,0,0,0,1,0
Thalasseus sandvicensis,Thalasseus_sandvicensis,Charadriiformes,Laridae,NA,Tavares et al. 2017,2011,South Pacific Ocean,Necropsy,250.5,-0.2384379223430231,Fish,1,1,0,1,1,1,0,0,1,1,Plunging,1,0,0,1,1,0,0,0,0,1,0
Thalasseus sandvicensis,Thalasseus_sandvicensis,Charadriiformes,Laridae,NA,Tavares et al. 2017,2012,South Pacific Ocean,Necropsy,250.5,-0.2384379223430231,Fish,1,1,0,1,1,1,0,0,1,1,Plunging,1,0,0,1,1,0,0,0,0,2,0
Thalasseus sandvicensis,Thalasseus_sandvicensis,Charadriiformes,Laridae,NA,"Vanstreels et al., 2021",2020,South Atlantic Ocean,Necropsy,250.5,-0.2384379223430231,Fish,1,1,0,1,1,1,0,0,1,1,Plunging,1,0,0,1,1,0,0,0,4,27,0.14814814814814814
Thalasseus sandvicensis,Thalasseus_sandvicensis,Charadriiformes,Laridae,NA,"do Nascimiento et al., 2023",2014,South Atlantic Ocean,Necropsy,250.5,-0.2384379223430231,Fish,1,1,0,1,1,1,0,0,1,1,Plunging,1,0,0,1,1,0,0,0,0,99,0
Thalassoica antarctica,Thalassoica_antarctica,Procellariiformes,Procellariidae,1,Ainley et al. 1990a,1978,Southern Ocean,Necropsy,708.5,-0.13197730156782297,Crustaceans,0,1,1,1,1,1,0,0,1,1,Surface.Seizing,0,0,0,1,0,0,1,0,1,40,0.025
Thalassoica antarctica,Thalassoica_antarctica,Procellariiformes,Procellariidae,1,Ainley et al. 1990a,1985.5,South Pacific Ocean,Necropsy,708.5,-0.13197730156782297,Crustaceans,0,1,1,1,1,1,0,0,1,1,Surface.Seizing,0,0,0,1,0,0,1,0,0,66,0
Thalassoica antarctica,Thalassoica_antarctica,Procellariiformes,Procellariidae,1,Ainley et al. 1990a,1986,Southern Ocean,Necropsy,708.5,-0.13197730156782297,Crustaceans,0,1,1,1,1,1,0,0,1,1,Surface.Seizing,0,0,0,1,0,0,1,0,0,53,0
Thalassoica antarctica,Thalassoica_antarctica,Procellariiformes,Procellariidae,1,Ainley et al. 1990a,1986.5,Southern Ocean,Necropsy,708.5,-0.13197730156782297,Crustaceans,0,1,1,1,1,1,0,0,1,1,Surface.Seizing,0,0,0,1,0,0,1,0,0,25,0
Thalassoica antarctica,Thalassoica_antarctica,Procellariiformes,Procellariidae,1,van Franeker and Bell 1988,1985.5,Indian Ocean,Necropsy,708.5,-0.13197730156782297,Crustaceans,0,1,1,1,1,1,0,0,1,1,Surface.Seizing,0,0,0,1,0,0,1,0,0,11,0
Thalassoica antarctica,Thalassoica_antarctica,Procellariiformes,Procellariidae,NA,Roman et al. 2019,2015,Indian Ocean,Necropsy,708.5,-0.13197730156782297,Crustaceans,0,1,1,1,1,1,0,0,1,1,Surface.Seizing,0,0,0,1,0,0,1,0,1,1,1
Thalassoica antarctica,Thalassoica_antarctica,Procellariiformes,Procellariidae,NA,"Roman et al., 2019a",2015,Southern Ocean,Necropsy,708.5,-0.13197730156782297,Crustaceans,0,1,1,1,1,1,0,0,1,1,Surface.Seizing,0,0,0,1,0,0,1,0,1,1,1
Thalassoica antarctica,Thalassoica_antarctica,Procellariiformes,Procellariidae,NA,Ryan 1987,1982,Southern Ocean,Necropsy,708.5,-0.13197730156782297,Crustaceans,0,1,1,1,1,1,0,0,1,1,Surface.Seizing,0,0,0,1,0,0,1,0,2,30,0.06666666666666667
Uria aalge,Uria_aalge,Charadriiformes,Alcidae,1,Acampora et al. 2016,2015,North Atlantic Ocean,Necropsy,992.5,-0.06596241881638881,Fish,0,1,0,1,0,0,0,0,0,1,Diving,0,0,1,0,0,0,0,0,3,25,0.12
Uria aalge,Uria_aalge,Charadriiformes,Alcidae,1,Avery-Gomm et al. 2013,2008.5,North Pacific Ocean,Necropsy,992.5,-0.06596241881638881,Fish,0,1,0,1,0,0,0,0,0,1,Diving,0,0,1,0,0,0,0,0,1,37,0.02702702702702703
Uria aalge,Uria_aalge,Charadriiformes,Alcidae,1,"Benjaminsen et al., 2024",2019,North Atlantic Ocean,Necropsy,992.5,-0.06596241881638881,Fish,0,1,0,1,0,0,0,0,0,1,Diving,0,0,1,0,0,0,0,0,0,4,0
Uria aalge,Uria_aalge,Charadriiformes,Alcidae,1,"Benjaminsen et al., 2024",2020,North Atlantic Ocean,Necropsy,992.5,-0.06596241881638881,Fish,0,1,0,1,0,0,0,0,0,1,Diving,0,0,1,0,0,0,0,0,3,31,0.0967741935483871
Uria aalge,Uria_aalge,Charadriiformes,Alcidae,1,"Benjaminsen, 2021",2019,Arctic Ocean,Necropsy,992.5,-0.06596241881638881,Fish,0,1,0,1,0,0,0,0,0,1,Diving,0,0,1,0,0,0,0,0,0,5,0
Uria aalge,Uria_aalge,Charadriiformes,Alcidae,1,Blight and Burger 1997,1987,North Pacific Ocean,Necropsy,992.5,-0.06596241881638881,Fish,0,1,0,1,0,0,0,0,0,1,Diving,0,0,1,0,0,0,0,0,0,1,0
Uria aalge,Uria_aalge,Charadriiformes,Alcidae,1,Bond et al. 2013,1996.5,North Atlantic Ocean,Necropsy,992.5,-0.06596241881638881,Fish,0,1,0,1,0,0,0,0,0,1,Diving,0,0,1,0,0,0,0,0,1,60,0.016666666666666666
Uria aalge,Uria_aalge,Charadriiformes,Alcidae,1,Bond et al. 2013,2011.5,North Atlantic Ocean,Necropsy,992.5,-0.06596241881638881,Fish,0,1,0,1,0,0,0,0,0,1,Diving,0,0,1,0,0,0,0,0,1,11,0.09090909090909091
Uria aalge,Uria_aalge,Charadriiformes,Alcidae,1,"Haave et al., 2021",2019,North Atlantic Ocean,Necropsy,992.5,-0.06596241881638881,Fish,0,1,0,1,0,0,0,0,0,1,Diving,0,0,1,0,0,0,0,0,1,1,1
Uria aalge,Uria_aalge,Charadriiformes,Alcidae,1,Provencher et al. 2014,2006,North Atlantic Ocean,Necropsy,992.5,-0.06596241881638881,Fish,0,1,0,1,0,0,0,0,0,1,Diving,0,0,1,0,0,0,0,0,0,28,0
Uria aalge,Uria_aalge,Charadriiformes,Alcidae,1,Robards et al. 1995,1989,North Pacific Ocean,Necropsy,992.5,-0.06596241881638881,Fish,0,1,0,1,0,0,0,0,0,1,Diving,0,0,1,0,0,0,0,0,1,134,0.007462686567164179
Uria aalge,Uria_aalge,Charadriiformes,Alcidae,NA,Day et al. 1984/Day 1980,1973,North Pacific Ocean,Necropsy,992.5,-0.06596241881638881,Fish,0,1,0,1,0,0,0,0,0,1,Diving,0,0,1,0,0,0,0,0,0,191,0
Uria aalge,Uria_aalge,Charadriiformes,Alcidae,NA,"Franco et al., 2019",2016,North Atlantic Ocean,Necropsy,992.5,-0.06596241881638881,Fish,0,1,0,1,0,0,0,0,0,1,Diving,0,0,1,0,0,0,0,0,7,61,0.11475409836065574
Uria aalge,Uria_aalge,Charadriiformes,Alcidae,NA,"Morkūnas et al., 2021",2017,North Atlantic Ocean,Necropsy,992.5,-0.06596241881638881,Fish,0,1,0,1,0,0,0,0,0,1,Diving,0,0,1,0,0,0,0,0,1,33,0.030303030303030304
Uria aalge,Uria_aalge,Charadriiformes,Alcidae,NA,"Padula et al., 2020",2012,North Pacific Ocean,Necropsy,992.5,-0.06596241881638881,Fish,0,1,0,1,0,0,0,0,0,1,Diving,0,0,1,0,0,0,0,0,1,6,0.16666666666666666
Uria aalge,Uria_aalge,Charadriiformes,Alcidae,NA,"van Franeker et al., 2024",2019,North Atlantic Ocean,Necropsy,992.5,-0.06596241881638881,Fish,0,1,0,1,0,0,0,0,0,1,Diving,0,0,1,0,0,0,0,0,33,120,0.275
Uria lomvia,Uria_lomvia,Charadriiformes,Alcidae,1,"Baak et al., 2024",2021,Arctic Ocean,Necropsy,964,-0.07258715176855739,Fish,0,1,1,1,1,0,0,0,0,1,Diving,0,1,1,0,0,0,0,0,3,43,0.06976744186046512
Uria lomvia,Uria_lomvia,Charadriiformes,Alcidae,1,Bond et al. 2013,1985.5,North Atlantic Ocean,Necropsy,964,-0.07258715176855739,Fish,0,1,1,1,1,0,0,0,0,1,Diving,0,1,1,0,0,0,0,0,100,1249,0.08006405124099279
Uria lomvia,Uria_lomvia,Charadriiformes,Alcidae,1,Bond et al. 2013,1996.5,North Atlantic Ocean,Necropsy,964,-0.07258715176855739,Fish,0,1,1,1,1,0,0,0,0,1,Diving,0,1,1,0,0,0,0,0,16,310,0.05161290322580645
Uria lomvia,Uria_lomvia,Charadriiformes,Alcidae,1,Bond et al. 2013,2011.5,North Atlantic Ocean,Necropsy,964,-0.07258715176855739,Fish,0,1,1,1,1,0,0,0,0,1,Diving,0,1,1,0,0,0,0,0,3,32,0.09375
Uria lomvia,Uria_lomvia,Charadriiformes,Alcidae,1,Lydersen et al. 1989,1984,Arctic Ocean,Necropsy,964,-0.07258715176855739,Fish,0,1,1,1,1,0,0,0,0,1,Diving,0,1,1,0,0,0,0,0,5,21,0.23809523809523808
Uria lomvia,Uria_lomvia,Charadriiformes,Alcidae,1,Poon et al. 2017,2008,Arctic Ocean,Necropsy,964,-0.07258715176855739,Fish,0,1,1,1,1,0,0,0,0,1,Diving,0,1,1,0,0,0,0,0,0,10,0
Uria lomvia,Uria_lomvia,Charadriiformes,Alcidae,1,Poon et al. 2017,2013,Arctic Ocean,Necropsy,964,-0.07258715176855739,Fish,0,1,1,1,1,0,0,0,0,1,Diving,0,1,1,0,0,0,0,0,0,10,0
Uria lomvia,Uria_lomvia,Charadriiformes,Alcidae,1,Provencher et al. 2010,2007.5,Arctic Ocean,Necropsy,964,-0.07258715176855739,Fish,0,1,1,1,1,0,0,0,0,1,Diving,0,1,1,0,0,0,0,0,20,186,0.10752688172043011
Uria lomvia,Uria_lomvia,Charadriiformes,Alcidae,1,Provencher et al. 2014,2005,North Atlantic Ocean,Necropsy,964,-0.07258715176855739,Fish,0,1,1,1,1,0,0,0,0,1,Diving,0,1,1,0,0,0,0,0,0,11,0
Uria lomvia,Uria_lomvia,Charadriiformes,Alcidae,1,Provencher et al. 2014,2006,Arctic Ocean,Necropsy,964,-0.07258715176855739,Fish,0,1,1,1,1,0,0,0,0,1,Diving,0,1,1,0,0,0,0,0,0,31,0
Uria lomvia,Uria_lomvia,Charadriiformes,Alcidae,1,Robards 1993,1990.5,North Pacific Ocean,Necropsy,964,-0.07258715176855739,Fish,0,1,1,1,1,0,0,0,0,1,Diving,0,1,1,0,0,0,0,0,1,1,1
Uria lomvia,Uria_lomvia,Charadriiformes,Alcidae,1,Robards et al. 1995,1989,North Pacific Ocean,Necropsy,964,-0.07258715176855739,Fish,0,1,1,1,1,0,0,0,0,1,Diving,0,1,1,0,0,0,0,0,0,92,0
Uria lomvia,Uria_lomvia,Charadriiformes,Alcidae,NA,"Bourdages, 2020",2018,North Pacific Ocean,Scat,964,-0.07258715176855739,Fish,0,1,1,1,1,0,0,0,0,1,Diving,0,1,1,0,0,0,0,0,5,30,0.16666666666666666
Uria lomvia,Uria_lomvia,Charadriiformes,Alcidae,NA,Day et al. 1984/Day 1980,1973,North Pacific Ocean,Necropsy,964,-0.07258715176855739,Fish,0,1,1,1,1,0,0,0,0,1,Diving,0,1,1,0,0,0,0,0,1,138,0.007246376811594203
Uria lomvia,Uria_lomvia,Charadriiformes,Alcidae,NA,"Merkel et al., 2021",1996.5,North Atlantic Ocean,Necropsy,964,-0.07258715176855739,Fish,0,1,1,1,1,0,0,0,0,1,Diving,0,1,1,0,0,0,0,0,10,90,0.1111111111111111
Uria lomvia,Uria_lomvia,Charadriiformes,Alcidae,NA,"Merkel et al., 2021",2014.5,North Atlantic Ocean,Necropsy,964,-0.07258715176855739,Fish,0,1,1,1,1,0,0,0,0,1,Diving,0,1,1,0,0,0,0,0,11,55,0.2
Uria lomvia,Uria_lomvia,Charadriiformes,Alcidae,NA,Provencher et al. 2014,1988.5,Arctic Ocean,Necropsy,964,-0.07258715176855739,Fish,0,1,1,1,1,0,0,0,0,1,Diving,0,1,1,0,0,0,0,0,12,202,0.0594059405940594
Urile pelagicus,Urile_pelagicus,Suliformes,Phalacrocoracidae,1,Avery-Gomm et al. 2013,2009,North Pacific Ocean,Necropsy,1856.5,0.134871590680932,Fish,0,1,0,1,0,0,0,0,0,1,Diving,0,1,1,0,0,0,0,0,0,1,0
Urile pelagicus,Urile_pelagicus,Suliformes,Phalacrocoracidae,1,Robards et al. 1995,1989,North Pacific Ocean,Necropsy,1856.5,0.134871590680932,Fish,0,1,0,1,0,0,0,0,0,1,Diving,0,1,1,0,0,0,0,0,2,10,0.2
Urile pelagicus,Urile_pelagicus,Suliformes,Phalacrocoracidae,NA,Day et al. 1984/Day 1980,1973,North Pacific Ocean,Necropsy,1856.5,0.134871590680932,Fish,0,1,0,1,0,0,0,0,0,1,Diving,0,1,1,0,0,0,0,0,0,3,0
Urile pelagicus,Urile_pelagicus,Suliformes,Phalacrocoracidae,NA,"Padula et al., 2020",2012,North Pacific Ocean,Necropsy,1856.5,0.134871590680932,Fish,0,1,0,1,0,0,0,0,0,1,Diving,0,1,1,0,0,0,0,0,3,10,0.3
Urile urile,Urile_urile,Suliformes,Phalacrocoracidae,1,Robards et al. 1995,1989,North Pacific Ocean,Necropsy,2137.5,0.20018913312161157,Fish,0,1,0,1,0,0,0,0,0,1,Diving,0,1,1,0,0,0,0,0,0,16,0
Urile urile,Urile_urile,Suliformes,Phalacrocoracidae,NA,Day et al. 1984/Day 1980,1973,North Pacific Ocean,Necropsy,2137.5,0.20018913312161157,Fish,0,1,0,1,0,0,0,0,0,1,Diving,0,1,1,0,0,0,0,0,0,2,0
Urile urile,Urile_urile,Suliformes,Phalacrocoracidae,NA,"Padula et al., 2020",2012,North Pacific Ocean,Necropsy,2137.5,0.20018913312161157,Fish,0,1,0,1,0,0,0,0,0,1,Diving,0,1,1,0,0,0,0,0,3,10,0.3
Xema sabini,Xema_sabini,Charadriiformes,Laridae,1,Acampora et al. 2016,2015,North Atlantic Ocean,Necropsy,198,-0.25064137778122836,Fish,1,1,0,1,1,1,0,0,1,1,Surface.Seizing,1,0,0,1,1,0,1,1,0,1,0
Xema sabini,Xema_sabini,Charadriiformes,Laridae,NA,Day et al. 1984/Day 1980,1973,North Pacific Ocean,Necropsy,198,-0.25064137778122836,Fish,1,1,0,1,1,1,0,0,1,1,Surface.Seizing,1,0,0,1,1,0,1,1,0,1,0
Xema sabini,Xema_sabini,Charadriiformes,Laridae,NA,Ryan 1987,1982,Indian Ocean,Necropsy,198,-0.25064137778122836,Fish,1,1,0,1,1,1,0,0,1,1,Surface.Seizing,1,0,0,1,1,0,1,1,0,4,0
